# 6400 cities, mode=random, seed=1
51.18 95.05
14.42 94.86
31.18 42.33
82.77 40.92
54.96 2.76
75.35 53.81
32.97 78.84
30.32 45.35
13.40 40.31
20.35 26.23
75.04 28.04
48.52 98.07
96.17 72.48
54.12 27.69
16.07 96.99
51.61 11.59
62.35 77.67
61.30 91.73
3.96 52.86
45.93 6.23
64.13 85.26
59.29 26.01
83.99 50.95
51.09 75.30
14.79 81.96
68.33 78.71
19.16 80.24
19.13 8.16
85.52 86.13
87.65 47.19
27.40 0.71
64.57 71.99
83.56 28.19
21.52 63.93
80.51 96.37
15.05 48.22
89.47 42.27
58.95 2.45
67.35 91.91
82.68 88.55
66.04 24.56
76.85 21.17
83.13 6.27
82.55 16.45
37.51 31.67
69.13 17.86
39.63 0.58
26.25 42.12
10.59 63.32
38.04 72.53
65.39 43.12
86.73 63.21
81.03 34.18
54.37 19.63
99.61 24.32
25.69 7.32
25.78 76.31
69.79 12.87
37.62 42.09
66.50 45.59
58.65 83.97
72.65 36.50
44.84 36.77
10.97 20.32
28.38 31.41
31.30 57.67
97.17 77.47
79.11 75.93
59.70 91.77
68.96 50.04
7.71 48.84
21.28 13.27
50.61 78.51
29.50 76.88
52.56 14.90
96.50 40.16
29.52 84.70
12.45 73.36
18.78 39.25
23.19 84.12
39.01 97.47
62.53 69.36
52.15 30.90
39.56 94.09
20.12 98.82
75.83 35.98
64.15 38.10
38.15 50.38
1.67 49.36
97.16 28.55
74.82 44.28
20.93 90.50
1.68 30.35
99.90 26.21
84.90 60.57
80.60 63.03
36.27 76.08
2.65 44.68
37.19 47.71
12.76 22.25
56.21 38.78
79.17 60.51
86.13 73.24
60.18 28.76
78.28 25.13
7.52 96.29
54.00 77.39
52.92 61.16
3.39 18.68
67.47 57.06
15.86 95.20
15.44 51.03
14.40 71.74
27.63 13.41
4.60 17.48
19.18 53.70
45.10 95.73
95.42 79.65
67.16 84.50
93.88 2.26
11.81 36.03
9.36 59.95
26.04 26.43
28.83 9.77
74.09 65.07
60.65 3.40
42.95 68.52
15.63 38.57
1.98 8.19
21.65 41.47
46.32 88.45
31.67 2.15
82.62 6.18
9.30 96.32
75.34 33.79
13.22 38.67
33.92 87.44
41.88 8.20
92.68 62.23
11.67 11.32
46.59 9.21
63.18 61.64
3.21 80.74
78.68 91.53
67.03 69.29
16.37 2.39
6.56 96.45
64.57 94.69
34.94 75.52
6.54 16.62
27.71 55.03
55.74 49.90
42.45 57.57
96.67 45.81
83.75 5.59
38.56 56.05
62.03 25.00
39.93 94.70
64.89 58.50
6.53 5.22
21.14 13.78
98.37 0.27
36.58 5.84
64.00 4.65
6.84 7.99
27.18 57.64
80.54 26.72
28.32 82.45
74.59 12.68
80.63 83.13
17.78 62.69
19.67 24.35
49.40 52.22
47.90 54.11
21.32 77.86
27.78 91.27
51.52 30.37
17.44 48.52
37.63 62.31
49.85 3.70
83.31 5.17
82.76 81.27
92.40 66.44
16.06 44.19
43.94 63.23
38.11 67.57
20.39 35.34
54.33 42.77
12.25 96.58
69.13 83.30
35.75 94.49
81.24 97.95
19.74 47.72
38.58 61.39
25.02 10.05
47.66 63.95
38.40 98.74
40.60 29.98
81.39 46.67
27.32 28.65
94.72 96.17
64.62 27.88
71.14 21.68
32.21 54.17
40.11 35.10
97.41 17.02
61.38 3.85
9.17 21.00
99.17 72.64
86.80 4.95
68.14 43.99
41.64 70.83
30.83 51.35
26.07 39.14
53.33 15.79
27.62 42.04
47.27 80.00
64.30 56.25
86.99 19.73
10.41 39.37
13.72 55.60
57.36 13.16
71.61 55.65
42.32 91.75
85.59 22.10
16.66 91.55
15.73 75.72
31.25 36.12
55.37 92.60
0.21 16.23
72.02 39.45
28.78 96.29
26.40 71.42
96.42 76.28
70.94 72.32
80.52 27.12
62.67 80.29
88.82 90.58
90.39 9.76
37.64 45.64
89.17 41.93
26.49 1.99
28.88 78.07
2.02 16.50
31.10 53.20
36.30 88.26
20.75 56.16
77.78 92.96
87.35 13.55
79.18 67.53
42.16 2.56
16.80 74.95
8.40 31.26
25.52 74.61
35.91 8.72
37.04 32.68
71.70 32.01
69.36 53.86
88.77 73.34
40.79 48.49
47.14 87.17
13.80 42.42
53.49 43.62
59.80 49.88
41.37 68.68
32.93 60.69
72.86 13.06
32.65 94.47
96.60 99.24
4.25 82.65
93.53 90.19
71.49 67.56
71.96 57.49
78.84 50.19
22.59 9.43
90.83 75.49
17.72 82.25
30.03 63.57
35.62 21.42
17.56 7.10
7.44 6.91
8.99 83.40
51.78 12.86
52.50 54.26
49.66 20.65
43.44 87.09
38.37 50.40
93.02 23.28
72.55 48.38
78.74 35.97
54.24 36.83
86.61 91.48
63.18 98.10
73.21 83.04
89.47 27.19
98.67 39.04
49.72 18.03
82.15 33.69
68.93 21.84
35.14 38.42
23.66 3.51
77.02 95.04
22.62 16.27
34.76 8.28
64.97 36.86
56.25 90.58
86.16 92.17
93.51 58.98
50.23 3.76
10.24 52.39
85.60 43.26
0.37 21.23
76.00 15.84
19.96 28.55
60.93 83.64
21.89 59.95
52.99 44.49
58.04 81.41
21.75 49.72
9.79 51.32
79.10 99.86
47.57 29.66
57.95 37.18
11.70 52.45
79.91 89.11
97.81 36.77
25.17 11.08
43.62 80.70
23.46 84.96
71.17 20.09
63.18 81.97
93.29 16.22
82.20 77.58
24.37 29.46
95.71 36.20
28.90 72.00
13.29 48.32
35.81 54.40
60.33 64.01
43.24 88.69
83.57 93.34
44.59 73.01
43.07 27.88
65.19 94.60
80.43 28.52
22.81 77.16
70.51 86.36
14.64 86.17
43.26 27.33
34.32 99.35
95.60 8.37
31.52 71.96
3.53 3.59
4.49 86.84
33.37 31.87
79.33 31.86
73.84 36.93
29.75 38.72
16.80 7.50
87.12 86.84
46.08 68.84
86.26 39.07
71.18 75.48
7.81 13.82
75.03 70.56
18.53 82.67
80.09 33.27
34.03 11.06
44.55 10.98
54.34 62.46
58.19 7.16
62.17 75.22
14.19 59.51
81.91 19.36
91.34 97.19
71.16 87.20
27.18 66.50
92.61 4.47
82.08 23.69
80.11 64.24
80.15 40.10
45.02 92.43
7.12 15.62
97.28 91.33
14.69 97.35
26.55 89.21
90.48 2.37
0.97 32.70
93.12 79.13
38.69 85.80
30.76 34.74
19.05 95.96
80.36 46.24
26.43 96.60
39.68 21.07
42.47 71.91
77.07 10.90
94.59 67.46
6.25 83.74
97.19 83.77
0.98 47.31
58.92 88.80
50.28 7.73
93.35 95.17
48.62 5.34
83.89 74.17
97.12 0.73
43.55 28.38
10.77 73.51
34.12 3.90
13.36 80.60
60.59 21.51
69.60 13.04
67.32 65.50
0.55 51.15
72.63 75.85
70.57 88.50
75.62 92.20
41.48 3.42
18.10 28.78
4.18 10.82
51.88 25.25
28.55 74.15
85.47 86.20
37.06 70.96
85.23 15.10
20.06 64.80
26.56 19.27
36.75 1.60
43.83 4.73
24.47 21.75
32.94 12.54
47.12 68.79
33.89 92.72
85.98 30.60
3.89 76.82
24.00 33.22
57.93 99.89
29.97 46.85
62.75 68.34
21.22 59.53
54.41 65.86
11.50 12.63
97.55 82.13
82.76 93.41
96.06 39.35
75.41 64.16
55.99 67.93
31.94 86.22
40.70 14.82
1.10 63.92
23.16 95.61
19.50 31.62
98.41 51.99
92.20 78.14
11.90 21.60
38.72 88.10
33.40 46.31
48.08 32.48
78.65 5.48
22.59 82.51
61.63 51.18
36.95 13.01
45.68 98.71
59.51 57.66
99.01 88.54
99.92 95.36
66.75 30.53
62.81 34.82
81.08 13.73
46.25 84.08
45.45 60.10
9.83 28.51
95.45 65.69
36.49 51.69
77.49 78.75
82.80 28.96
23.83 63.85
52.72 56.49
21.46 31.86
75.21 35.83
75.75 4.66
95.09 20.81
47.82 92.09
25.35 22.74
98.56 90.44
53.22 6.10
60.47 25.16
21.40 93.21
61.94 44.40
6.27 37.16
86.40 30.27
32.28 60.69
25.21 55.69
76.87 28.67
47.28 57.63
36.33 22.36
11.44 56.55
93.74 1.88
86.57 96.25
54.23 96.79
70.48 54.52
46.37 46.64
68.20 23.45
71.54 49.10
67.47 94.09
23.35 40.32
27.52 5.27
62.21 62.85
99.94 60.10
39.61 90.12
1.54 30.27
75.19 16.15
36.12 84.91
34.47 24.30
89.06 7.74
85.67 31.54
20.78 48.79
48.34 96.47
75.25 46.01
55.94 31.84
98.27 38.59
88.57 65.61
91.61 35.46
41.67 36.93
82.70 95.31
82.46 45.14
82.91 73.02
51.91 18.35
23.79 70.38
19.87 56.03
80.42 65.39
60.98 25.77
11.99 3.39
4.63 23.18
55.77 42.37
20.41 30.27
46.13 79.89
65.59 4.09
48.15 18.60
85.48 88.49
55.47 73.64
68.68 81.68
27.88 22.93
74.63 95.91
22.98 56.78
54.42 37.36
75.02 13.18
37.18 43.11
95.30 68.43
71.10 99.98
22.68 60.35
10.77 16.25
69.61 82.60
63.58 57.98
79.06 95.62
92.55 80.88
43.21 76.63
23.38 90.40
27.97 98.04
30.17 26.41
33.63 48.51
20.02 26.37
88.42 93.13
15.54 44.14
41.98 82.83
66.04 40.80
78.87 60.52
20.94 79.26
46.56 88.70
66.52 15.11
75.67 58.12
54.16 41.97
66.29 6.33
50.38 93.55
20.49 13.70
41.05 51.95
37.65 48.39
67.47 79.28
5.16 38.17
61.92 2.09
94.92 64.08
48.50 44.83
14.73 6.63
68.10 92.40
79.24 2.15
3.90 51.27
57.33 60.63
87.60 89.79
98.93 33.36
46.85 99.36
70.04 5.74
90.96 61.67
19.37 34.77
57.77 65.28
41.07 74.44
53.28 97.48
85.35 15.01
10.31 85.35
60.77 97.62
43.58 17.93
3.70 76.86
8.35 64.39
56.35 73.96
94.39 23.65
48.26 75.16
20.24 9.20
13.80 93.17
78.94 20.04
1.59 63.78
32.19 22.80
19.96 47.22
34.23 94.02
56.59 90.01
92.46 90.01
49.83 58.33
53.43 2.03
94.64 15.11
55.35 68.26
78.63 54.22
63.91 82.71
64.35 66.68
85.41 7.34
51.85 2.66
15.14 2.85
86.62 32.97
52.11 78.73
68.89 92.63
48.98 70.24
86.78 10.72
46.99 8.80
55.70 31.34
84.05 46.84
16.29 87.34
42.59 1.97
26.87 38.31
2.62 14.01
29.65 33.76
43.76 29.76
32.07 46.21
35.19 74.98
78.11 1.77
16.21 10.18
35.29 35.63
74.93 72.95
88.24 68.30
59.55 99.43
64.20 38.95
30.48 3.58
94.41 75.26
37.71 87.50
76.29 46.52
95.58 89.24
44.60 42.70
15.17 10.24
35.72 21.46
6.86 73.55
96.12 68.74
90.74 87.04
64.61 52.26
35.79 49.50
32.13 17.21
49.53 66.12
58.53 73.78
33.60 0.01
21.27 28.97
55.31 38.95
65.77 22.39
46.80 0.22
68.63 86.54
85.87 87.47
19.61 98.14
55.14 18.56
9.11 7.10
63.70 62.86
78.68 65.86
51.94 16.28
73.45 0.41
66.03 16.53
15.88 90.61
92.73 72.03
22.86 46.94
34.62 11.76
23.68 5.80
97.23 23.63
38.71 24.66
65.13 56.25
76.57 1.14
20.47 59.87
57.66 82.44
8.05 37.12
40.38 51.30
35.14 73.47
10.43 6.06
31.35 8.94
39.24 57.84
8.42 45.98
55.53 56.45
3.02 77.32
72.20 29.70
47.13 73.92
83.41 24.77
77.08 42.42
95.32 87.84
35.80 35.98
48.58 96.06
14.40 54.89
64.77 72.01
6.71 59.93
45.04 33.94
97.05 10.60
70.87 20.44
94.81 50.03
45.34 24.85
53.38 86.43
7.21 65.82
14.66 22.51
85.39 7.23
73.17 5.79
50.95 62.35
14.70 80.21
22.10 47.57
24.03 76.36
25.11 26.22
1.22 89.98
3.36 31.46
64.70 33.21
59.72 36.46
88.00 15.90
1.84 9.97
52.40 59.23
83.39 95.46
40.13 82.37
40.52 37.07
13.27 86.87
33.61 64.67
51.72 99.68
25.56 55.15
78.96 19.11
82.32 55.82
10.35 96.81
41.19 47.54
78.45 96.46
24.55 13.62
74.47 67.70
44.65 64.76
94.41 84.19
56.82 90.86
91.29 77.12
11.86 56.17
60.73 87.93
51.62 61.26
71.52 8.39
5.63 3.04
10.68 25.55
4.84 59.64
57.23 45.53
0.89 51.92
12.64 0.51
79.62 91.07
7.23 65.90
5.33 58.22
62.39 58.68
99.03 61.37
16.61 93.28
29.90 53.94
43.25 80.67
8.40 36.76
44.27 59.74
90.79 30.15
34.55 67.20
20.90 50.99
31.97 62.38
58.06 68.59
42.97 23.36
1.46 60.16
22.48 0.48
37.50 27.41
68.27 29.78
36.77 72.39
67.42 16.07
58.68 93.28
90.94 84.94
28.20 95.96
19.96 40.19
11.41 56.56
72.27 68.76
0.72 98.25
31.00 74.14
92.66 78.02
52.32 53.87
14.38 38.21
82.25 68.12
66.35 68.14
34.95 98.02
33.63 18.71
66.87 16.92
97.53 57.55
12.01 2.36
60.12 4.21
5.24 41.24
44.83 82.90
12.94 86.83
40.50 85.30
15.13 4.81
43.58 21.57
47.83 82.02
88.54 8.68
25.71 30.49
17.44 46.70
5.36 19.73
6.51 45.69
94.00 15.31
88.71 31.58
74.71 84.26
60.50 71.93
63.21 93.06
77.87 42.03
29.09 15.68
51.21 22.91
23.49 88.20
69.97 53.95
84.31 52.54
39.44 68.55
60.88 20.85
31.86 56.10
21.86 91.69
4.43 87.64
97.99 61.52
21.19 80.98
44.13 71.24
32.27 22.15
95.42 7.57
5.81 78.28
77.55 31.15
37.41 68.79
59.98 64.85
43.53 98.02
14.80 63.17
20.61 33.49
29.75 82.51
57.99 33.08
53.56 46.12
54.41 23.75
37.41 45.84
8.32 1.43
59.36 20.71
80.22 2.51
22.32 62.99
13.20 42.07
29.83 26.85
23.49 97.59
31.97 11.79
91.52 15.84
73.67 65.88
71.77 77.34
18.03 3.73
43.07 44.49
23.66 81.00
10.90 49.75
52.85 0.94
81.09 35.82
45.80 16.08
39.91 45.25
60.23 3.55
42.74 48.90
95.25 59.57
68.57 44.02
49.38 98.25
41.51 99.37
60.95 91.64
57.68 82.17
82.22 38.57
32.92 93.96
32.93 78.34
17.74 48.91
37.79 27.60
23.81 96.52
66.88 46.50
57.28 84.55
67.68 12.84
21.09 89.13
55.77 59.05
16.30 13.70
21.67 32.54
55.89 37.24
67.75 43.13
51.43 95.19
4.22 63.68
73.62 18.01
86.05 12.28
80.88 19.27
42.63 39.55
57.23 63.46
4.05 81.48
52.64 91.85
16.90 44.43
95.55 63.47
50.71 47.03
91.51 0.77
99.05 47.09
82.18 48.33
82.69 9.84
42.57 77.01
99.64 51.32
7.43 74.75
64.83 14.97
20.96 50.19
16.62 91.65
99.08 75.24
84.40 33.12
10.67 72.90
79.40 69.48
17.71 2.67
55.46 14.99
29.47 47.64
25.09 93.28
32.14 56.10
97.30 67.09
38.58 75.30
19.35 10.40
3.88 66.78
65.80 67.10
67.34 58.28
94.18 45.98
12.33 25.00
40.84 61.23
35.77 43.57
29.36 72.77
84.51 33.88
80.04 19.71
97.49 35.62
66.14 60.22
8.22 58.58
4.66 48.56
53.72 95.20
18.21 4.86
62.70 31.00
55.03 25.55
69.04 12.58
51.19 77.15
89.22 32.79
54.87 95.31
13.84 83.02
73.27 96.60
48.85 45.53
54.53 36.12
5.83 56.86
38.99 50.53
69.96 39.38
16.21 83.08
94.42 23.48
61.08 37.74
70.19 5.47
91.94 85.46
13.87 64.11
33.06 21.00
84.75 75.30
57.72 62.04
86.97 34.14
49.30 22.94
45.31 17.09
34.56 64.32
27.67 65.29
79.71 62.96
46.93 39.07
7.24 76.62
95.55 24.12
69.63 60.28
81.27 68.30
19.61 13.49
33.68 18.61
60.24 8.79
67.53 78.53
4.13 88.72
82.03 4.27
54.76 2.77
47.68 8.11
57.59 7.71
8.92 97.08
80.86 67.26
78.74 21.38
10.35 32.21
76.10 75.54
71.76 41.70
50.87 74.00
58.75 22.13
47.01 93.48
96.11 7.75
11.97 5.80
50.53 89.82
51.49 33.27
88.11 24.15
54.95 88.55
87.16 13.22
30.51 40.78
77.25 68.67
53.67 37.69
28.69 58.25
80.38 35.13
28.42 0.98
11.04 13.13
43.22 77.58
40.44 14.60
16.79 95.29
62.02 29.65
84.45 94.74
54.67 45.30
38.66 37.51
86.41 71.21
91.16 3.31
13.17 52.47
58.70 43.02
51.76 90.13
56.29 26.21
49.98 29.77
63.05 58.74
70.80 97.40
49.86 3.76
49.49 50.79
79.07 92.77
16.12 88.59
17.27 59.02
0.47 84.50
41.22 21.67
94.62 8.58
35.20 46.62
26.42 35.77
84.39 19.67
55.68 21.24
61.93 25.04
31.54 52.68
25.18 72.96
22.46 83.73
70.08 12.92
52.02 6.62
17.22 31.29
70.79 61.83
53.20 18.24
29.75 68.66
49.06 32.26
6.90 4.60
92.44 41.60
89.26 24.27
59.03 25.55
88.24 22.37
54.58 96.64
73.01 55.45
36.42 53.00
0.40 13.07
27.91 4.68
23.82 42.11
85.82 91.90
2.06 45.99
68.35 75.23
15.93 0.72
24.94 31.42
18.72 22.05
66.20 22.17
18.88 27.08
45.54 19.82
49.56 93.70
82.18 75.14
94.25 92.17
55.30 69.17
35.27 53.83
92.07 50.76
42.13 65.81
46.51 9.51
37.89 13.59
91.46 74.09
43.93 7.08
11.30 26.24
52.43 10.62
36.29 18.11
10.41 12.07
12.06 83.14
18.01 11.14
83.08 96.10
73.42 7.30
13.52 14.55
9.78 48.05
5.59 79.49
41.07 19.53
9.30 56.91
77.81 58.28
23.76 80.29
51.45 58.53
90.77 67.53
11.67 69.45
29.04 79.00
56.24 54.07
14.14 2.71
97.48 3.04
5.18 45.85
93.74 54.14
99.22 71.59
82.07 81.93
94.30 96.89
32.76 70.83
50.84 97.88
59.13 40.00
3.38 72.89
1.27 64.85
26.50 67.56
99.18 34.85
55.72 55.63
16.29 73.79
70.31 77.14
22.08 6.77
39.37 11.72
27.68 1.70
40.22 36.07
32.62 38.56
4.02 43.50
65.37 32.42
56.67 80.21
52.51 92.69
77.07 55.74
8.37 46.87
3.45 95.57
4.62 20.80
18.29 86.13
90.77 72.61
85.34 26.04
89.54 10.11
30.94 85.92
69.09 93.35
84.87 21.11
41.85 98.89
70.30 79.39
8.28 95.38
55.04 15.36
57.37 91.54
54.45 99.31
92.75 49.72
96.71 76.73
25.48 9.85
2.72 52.15
75.50 13.08
20.19 97.38
80.70 32.33
94.27 47.74
25.39 34.50
27.22 69.51
37.39 57.78
62.04 50.45
45.27 35.23
23.36 9.44
69.92 1.59
73.34 75.40
80.60 64.16
95.24 38.24
45.88 28.90
1.02 43.78
49.90 46.39
3.63 16.00
27.32 40.94
20.53 36.42
28.73 10.84
87.63 60.78
98.34 60.34
61.52 36.39
80.50 46.26
82.33 46.72
73.92 66.25
39.66 9.11
23.27 44.06
47.48 21.49
26.11 32.41
54.77 8.94
40.69 68.19
83.64 51.60
95.00 73.55
78.99 13.51
50.54 3.55
66.86 32.51
87.98 13.08
7.44 39.55
15.82 54.99
43.36 2.33
24.34 15.29
17.86 98.65
58.03 77.86
38.53 18.09
33.57 69.58
41.28 1.02
55.55 51.16
68.14 2.79
88.87 46.18
36.10 28.90
84.98 26.50
30.01 89.05
46.98 4.82
12.17 75.38
32.57 30.45
29.53 97.27
48.58 89.59
79.45 78.77
77.70 30.60
82.44 49.11
17.43 25.26
52.94 48.15
98.68 61.95
62.16 5.25
6.76 30.22
44.78 92.92
5.20 72.32
62.13 24.41
91.73 38.09
83.61 27.36
56.67 77.75
86.36 35.79
21.12 65.44
64.04 4.71
60.18 94.23
24.65 62.73
91.67 38.50
81.89 89.64
4.84 29.31
24.36 90.87
60.05 12.35
38.16 27.20
99.46 88.02
85.09 10.93
38.15 44.11
32.28 88.61
45.53 76.46
58.25 40.26
8.86 85.64
48.07 7.28
47.78 4.50
31.84 89.76
34.39 33.24
30.39 56.99
49.90 38.13
85.21 46.82
83.75 40.36
35.14 17.63
6.76 57.17
35.63 14.61
52.67 71.78
62.98 1.92
37.03 67.18
39.59 43.95
78.91 15.45
17.09 76.75
92.01 16.43
5.83 81.68
56.71 24.40
4.68 55.04
15.31 90.03
90.53 73.56
98.35 30.55
11.84 64.32
24.43 69.55
7.33 34.24
65.76 93.69
8.56 45.18
94.62 5.38
45.54 74.78
47.98 85.26
40.30 30.61
2.54 49.23
98.02 91.36
0.08 3.19
5.86 85.91
36.43 27.61
74.28 33.80
38.30 69.76
89.27 17.76
20.35 19.90
94.43 55.95
82.07 18.94
86.38 29.84
62.01 21.66
51.28 75.34
17.65 96.41
84.89 70.34
75.37 28.42
9.27 32.54
13.26 33.45
76.73 17.13
7.41 80.77
93.25 41.03
21.52 88.51
5.69 34.70
80.53 73.14
76.19 48.08
70.38 30.41
86.54 78.79
94.21 76.56
72.83 18.95
56.93 7.58
91.71 79.80
53.47 83.29
86.88 35.76
67.30 13.17
4.95 77.35
21.79 40.52
48.95 94.45
77.80 54.88
80.88 24.91
8.59 25.50
59.57 33.62
98.84 55.23
56.83 74.19
51.50 17.38
20.14 45.37
25.29 20.71
36.78 80.22
86.49 26.34
19.76 3.60
0.93 36.67
19.36 50.36
13.14 62.68
55.73 91.39
81.07 12.16
54.70 36.70
4.11 55.01
97.57 14.52
0.50 19.84
42.97 26.42
69.33 26.73
86.27 12.83
15.54 96.94
7.33 75.50
8.38 15.87
62.47 82.48
61.68 99.63
98.63 14.97
46.64 46.94
18.66 65.87
86.99 73.93
78.89 26.09
56.59 17.72
76.32 93.04
49.80 51.80
73.86 89.37
9.20 75.36
89.55 20.85
29.51 47.06
59.50 45.79
57.33 38.82
42.18 31.07
65.39 93.78
98.57 38.23
4.48 63.45
95.35 95.28
68.66 37.46
8.32 46.19
65.50 72.26
66.17 78.67
11.27 51.77
45.17 50.11
46.60 60.47
10.66 1.06
43.67 58.86
42.42 51.47
40.09 81.28
81.02 15.11
62.38 52.32
5.60 8.81
81.41 71.59
15.78 58.68
89.36 52.32
60.13 67.70
52.95 87.93
25.53 22.57
10.09 44.44
32.66 49.98
17.47 48.06
49.61 30.57
80.43 50.53
59.46 95.22
87.70 64.50
0.53 64.43
30.49 24.70
60.53 17.61
73.59 77.64
13.78 15.20
92.53 3.05
79.81 74.69
70.33 3.38
94.18 20.55
87.28 50.07
32.56 17.48
1.15 23.43
11.63 0.67
66.48 97.72
51.44 82.04
97.04 8.07
42.54 42.18
24.88 71.76
55.38 16.79
94.58 11.93
4.97 75.58
42.74 65.26
2.93 8.00
28.45 32.77
52.78 31.81
23.16 95.12
13.27 50.25
22.37 81.19
61.91 62.05
43.54 45.83
99.22 42.48
65.75 8.82
52.46 75.58
46.88 72.73
66.43 10.99
47.71 3.12
9.09 67.32
21.99 5.06
46.84 69.82
28.02 19.06
23.08 2.31
4.17 46.24
21.54 42.80
91.33 80.42
82.67 92.90
66.70 43.77
7.33 72.17
11.12 30.34
28.06 93.79
86.66 25.46
37.48 47.73
4.77 1.92
56.91 50.02
62.95 87.84
13.83 89.60
20.96 92.27
15.86 39.95
73.64 20.02
11.72 26.87
33.64 88.59
25.07 68.19
83.49 1.34
27.38 90.27
58.17 16.93
49.32 40.02
83.54 79.26
32.42 98.31
4.78 90.97
9.73 55.43
41.89 82.34
48.05 28.14
71.28 38.20
42.52 81.62
35.62 53.00
80.87 82.67
68.36 70.98
9.52 54.52
59.80 14.11
88.83 67.57
10.31 12.17
10.36 14.48
58.97 9.75
40.88 28.87
65.36 71.23
63.84 59.54
55.62 76.76
50.13 21.41
10.94 60.00
80.50 71.77
70.78 77.72
8.07 85.07
3.13 55.96
41.55 13.18
57.31 11.50
5.06 71.09
89.15 44.05
80.65 95.39
73.06 42.17
94.34 24.73
23.86 66.99
82.52 26.10
31.37 2.78
9.49 32.97
9.48 2.23
77.06 88.34
13.65 34.30
1.59 42.06
11.94 56.81
67.74 71.62
10.43 79.92
83.83 27.12
97.35 33.75
25.76 15.83
96.22 98.45
78.34 30.02
18.63 81.61
81.96 69.17
1.41 8.98
57.13 3.95
81.79 97.78
97.76 82.96
3.86 11.34
97.89 54.21
11.22 0.48
11.53 87.86
29.93 74.59
93.74 35.49
93.14 88.22
12.16 12.78
90.12 83.80
82.44 66.69
95.80 42.18
81.87 77.44
43.62 29.19
11.49 95.29
81.92 74.31
25.15 82.01
19.62 63.53
16.21 45.27
61.11 71.92
91.74 95.78
76.05 4.50
38.70 72.64
86.83 2.24
39.95 93.53
92.76 88.41
15.31 32.20
92.80 91.99
96.37 69.99
71.01 25.22
71.03 26.32
84.20 60.49
28.35 14.86
12.44 15.31
91.61 36.88
56.70 14.70
89.67 99.20
51.47 95.00
97.01 67.57
14.29 66.01
18.24 89.52
89.16 18.05
35.37 68.35
24.01 84.27
50.75 64.72
45.50 80.82
79.14 80.42
36.52 35.77
24.26 89.95
11.75 35.53
3.41 65.58
95.97 53.57
3.49 35.27
66.17 16.15
51.97 33.77
4.50 78.32
29.00 18.13
65.74 44.01
32.45 10.28
98.77 59.34
44.33 58.69
45.33 78.93
86.61 30.21
93.06 29.52
63.61 94.32
69.76 5.38
62.18 85.61
5.26 20.08
41.01 38.95
98.07 8.58
17.70 63.32
11.22 61.76
63.10 55.22
42.19 46.89
37.03 38.75
34.80 30.59
17.25 56.22
60.65 54.50
50.81 81.09
91.30 6.24
40.54 47.02
9.90 33.29
41.77 4.05
43.26 10.20
40.57 19.90
10.17 6.41
51.47 0.29
39.72 6.03
68.85 64.93
15.35 36.38
72.39 12.80
81.28 66.15
94.13 60.18
4.46 40.91
68.86 46.92
37.17 25.06
68.99 15.56
76.35 28.10
57.75 92.18
59.32 86.90
8.94 51.03
65.44 16.23
69.61 65.92
45.89 79.42
0.32 92.84
9.10 77.03
15.63 1.18
59.73 54.92
74.40 86.15
46.61 52.53
58.81 33.35
80.10 76.28
15.88 69.06
21.45 28.41
57.43 44.02
57.79 23.64
75.85 11.15
0.77 20.60
50.28 85.07
33.98 8.75
98.66 68.25
28.31 22.78
15.00 11.16
71.90 11.57
67.96 40.21
62.75 36.78
11.70 0.04
83.41 82.67
13.02 27.52
45.54 93.68
36.71 55.81
0.81 5.93
73.80 51.29
6.56 72.28
20.31 90.19
98.80 94.96
18.22 59.23
87.76 62.55
6.76 26.09
67.09 37.99
16.35 56.55
85.34 68.04
26.40 19.27
11.05 27.48
59.14 91.08
26.87 74.70
94.96 36.62
77.41 99.24
24.37 54.78
87.52 13.81
7.58 63.83
59.40 90.66
65.83 90.70
52.21 62.62
82.33 41.25
40.59 69.92
6.04 46.20
14.93 46.57
1.35 5.10
53.64 30.54
70.55 55.93
48.60 85.84
4.94 93.58
8.45 4.82
96.18 16.22
46.20 36.45
26.86 51.24
88.13 42.43
62.97 95.54
44.97 32.53
48.35 79.68
68.85 96.30
33.81 93.62
38.07 1.47
64.44 93.81
23.85 89.91
84.09 31.91
78.38 32.53
62.66 49.99
20.70 42.99
40.08 7.94
87.90 29.57
32.23 95.38
39.75 39.57
84.14 34.55
95.31 47.61
37.84 31.87
31.03 97.49
48.76 6.72
7.79 77.91
89.88 95.98
7.22 25.22
82.93 82.32
82.42 17.21
76.32 74.00
90.42 44.58
64.90 20.13
74.44 1.67
85.73 67.34
31.40 19.99
47.19 74.15
92.77 96.38
54.06 29.77
12.45 72.80
59.57 21.92
53.53 39.31
79.41 8.41
19.14 18.01
48.02 32.89
59.26 48.58
34.19 68.50
57.29 12.51
37.67 60.51
62.22 45.96
18.65 82.96
52.73 63.99
86.54 4.59
12.03 73.05
10.23 0.53
97.77 4.68
86.07 98.05
39.02 62.09
11.36 99.68
89.47 29.21
7.44 77.59
99.95 14.76
89.41 86.19
21.11 18.32
20.08 28.07
42.08 20.76
32.09 57.34
59.70 99.93
15.26 89.68
24.23 20.65
88.60 57.20
69.69 89.75
76.50 75.44
33.74 31.79
50.12 38.79
19.14 73.06
77.42 91.39
65.22 51.34
35.89 40.25
82.28 73.33
10.27 59.28
89.37 84.45
37.89 82.41
84.40 61.97
87.68 14.59
93.71 84.75
40.41 79.93
50.31 79.11
32.55 65.61
6.98 98.09
71.42 90.60
65.80 68.03
90.08 99.61
37.20 29.61
75.17 48.17
99.95 56.23
10.84 4.40
75.01 34.59
27.69 67.57
24.13 37.41
37.91 77.98
71.98 92.07
27.92 99.61
54.20 36.25
94.11 17.72
96.09 2.19
15.96 54.10
27.06 72.92
59.22 25.03
45.07 1.52
90.59 5.11
31.88 90.65
51.80 54.50
64.95 69.94
32.26 11.84
61.98 47.01
61.12 95.65
56.96 19.65
33.70 87.88
26.10 30.50
94.32 47.91
68.47 93.35
85.74 2.21
50.11 68.40
13.79 17.86
77.53 73.81
98.26 5.67
5.05 98.91
70.49 9.76
66.23 64.67
68.61 82.96
73.05 55.21
37.60 19.82
98.42 44.72
27.13 65.09
67.50 59.47
87.78 60.72
38.19 9.31
12.07 49.38
26.11 14.37
83.09 45.43
72.85 85.14
5.41 95.63
55.41 32.99
48.60 22.34
33.23 60.96
19.34 45.04
28.35 77.95
24.00 72.94
1.32 43.85
47.35 40.62
51.89 84.52
52.29 81.71
72.97 19.61
29.83 15.77
77.88 9.63
85.64 55.49
43.08 56.29
53.78 61.96
54.25 30.60
89.86 61.68
99.54 13.06
94.14 62.58
67.89 94.12
6.25 18.90
57.07 29.79
1.64 29.12
69.06 68.25
2.43 32.34
85.71 65.27
61.92 97.38
32.87 8.32
62.00 64.01
54.81 95.44
68.05 6.78
64.76 6.65
57.04 50.27
0.29 19.65
41.85 31.94
13.29 61.68
94.32 3.91
77.06 35.30
27.16 79.38
93.17 98.16
93.31 12.46
1.13 74.76
76.41 14.90
57.27 64.41
38.24 16.91
33.99 28.16
0.77 27.57
24.86 67.56
63.74 67.56
29.30 59.46
12.04 76.45
93.99 76.51
73.14 57.18
76.25 46.41
25.76 77.87
51.70 92.52
58.67 53.40
3.88 22.11
71.87 43.89
92.57 61.52
26.39 24.51
29.15 21.71
53.16 8.46
57.84 42.90
87.88 89.07
29.72 19.08
42.20 50.63
71.10 97.07
89.50 39.69
54.91 58.11
87.91 10.56
81.57 26.26
10.75 98.02
34.73 74.78
36.34 29.07
54.33 23.29
24.44 5.09
71.46 92.14
0.49 28.83
86.98 60.10
12.86 24.04
20.74 3.38
12.86 12.71
50.38 76.82
51.91 65.62
88.37 78.08
9.98 2.69
92.98 26.08
86.32 17.45
87.93 44.03
2.89 98.90
11.69 2.36
80.09 32.61
3.17 1.21
40.71 10.54
35.22 68.65
95.10 29.35
57.55 70.41
79.43 49.36
79.12 46.18
74.32 63.45
46.46 87.04
31.26 35.93
48.27 6.12
59.17 2.42
86.63 34.85
88.82 14.94
71.62 58.55
56.68 90.65
8.68 91.77
28.05 25.38
68.47 41.32
13.41 55.80
87.60 0.88
40.24 17.92
70.86 78.71
14.16 84.45
31.23 74.99
12.88 47.34
64.92 49.50
68.93 77.53
92.84 64.91
17.60 76.81
42.37 69.86
68.92 88.73
58.93 22.95
40.62 62.06
57.08 19.36
82.40 57.95
57.68 20.51
49.16 26.87
33.53 34.19
60.57 37.28
89.99 75.08
98.06 61.16
43.03 39.29
3.69 70.42
31.58 2.27
91.26 23.64
9.35 73.82
77.15 77.14
61.59 2.62
53.44 96.07
45.52 29.66
55.74 63.23
29.76 77.49
84.15 2.43
10.04 50.06
5.89 19.59
87.26 99.86
84.24 16.45
80.39 58.20
99.48 28.25
90.11 1.61
22.20 90.43
50.99 20.84
69.99 31.84
58.92 41.56
8.04 6.39
91.34 86.86
45.81 24.02
13.32 95.76
54.04 0.77
62.56 75.76
30.40 98.00
5.90 11.17
60.38 46.25
36.96 69.64
92.89 86.04
72.66 28.93
30.36 17.81
87.57 67.68
57.58 7.02
84.85 14.49
50.95 93.55
35.75 45.76
94.47 29.73
45.23 38.13
40.72 43.12
99.09 80.54
4.08 60.92
1.18 7.83
58.32 62.06
17.05 40.32
36.05 70.39
41.99 38.46
82.55 66.85
11.07 53.99
22.47 26.99
61.29 86.52
35.88 52.17
7.81 77.41
17.34 39.85
27.44 51.94
29.96 46.83
44.10 61.31
68.89 53.16
74.26 89.76
45.78 3.28
76.69 45.90
78.26 85.36
7.69 39.81
74.06 45.17
45.14 47.85
98.84 23.99
16.32 76.73
83.94 4.56
61.33 85.73
71.82 14.73
16.80 44.58
37.34 16.82
51.89 18.98
7.67 49.02
93.95 15.30
19.88 51.08
94.81 45.15
21.08 57.49
32.28 11.48
62.88 43.45
95.58 38.41
15.27 32.35
47.87 28.97
42.36 70.59
76.50 59.14
48.20 11.45
66.81 23.16
73.90 95.44
85.45 27.53
46.33 44.48
76.96 41.77
35.24 58.76
57.00 84.38
92.70 85.80
99.02 57.52
41.33 70.76
86.85 71.30
57.78 16.27
72.41 90.91
46.00 86.85
59.33 26.55
98.03 74.39
97.95 61.01
74.32 27.44
52.88 38.44
68.58 94.26
55.79 0.67
31.57 53.94
79.28 58.51
20.05 60.87
87.85 51.97
84.47 53.68
6.24 97.40
4.43 27.89
64.97 81.43
21.44 87.10
70.42 8.92
44.34 88.86
44.76 86.43
20.80 87.30
69.79 2.60
10.50 73.73
83.88 37.07
26.64 97.41
84.71 99.63
17.56 50.90
9.72 67.92
40.61 8.50
15.26 91.03
87.69 95.52
89.66 53.52
51.55 58.71
76.68 19.77
44.51 39.76
78.97 4.60
64.02 8.87
54.21 22.24
97.76 13.38
32.15 21.05
25.93 67.99
6.86 62.04
52.10 4.79
94.77 48.48
5.52 54.31
38.49 10.53
77.80 88.69
70.03 45.76
82.79 2.28
21.68 58.35
19.19 66.00
48.43 81.89
98.30 5.62
73.74 6.05
53.66 35.74
47.78 74.29
0.61 63.22
87.77 88.89
50.89 64.79
15.56 20.68
97.81 3.57
90.92 26.72
53.08 23.56
9.01 86.42
63.17 87.67
63.13 71.95
11.78 0.81
8.73 85.08
3.31 9.73
10.39 6.51
33.13 59.78
91.66 17.02
4.95 96.47
13.97 73.84
92.89 41.02
98.57 31.28
16.47 86.05
65.69 30.25
3.92 29.76
62.44 57.04
27.40 41.72
33.83 7.61
64.14 54.03
86.83 80.51
40.32 76.72
62.34 91.60
22.61 30.15
48.15 13.62
57.86 39.46
73.90 80.50
9.74 99.58
78.31 75.53
24.37 25.53
87.81 4.74
12.13 60.42
23.66 51.95
53.04 40.09
79.96 20.24
75.50 41.43
90.38 15.45
22.83 32.84
20.82 30.53
38.40 77.73
69.42 78.31
55.00 29.09
14.39 95.17
62.65 20.94
30.70 57.11
46.42 4.44
30.87 57.01
81.14 19.24
23.63 42.12
29.10 83.15
55.35 21.76
49.07 51.99
26.71 59.79
77.19 21.65
29.99 15.34
31.95 78.21
74.49 92.49
38.88 9.86
16.75 51.37
11.06 70.15
30.16 47.62
41.27 37.34
83.89 3.93
87.78 9.16
12.40 19.54
85.94 97.84
15.94 54.61
59.43 19.52
72.59 45.98
24.31 24.38
62.51 3.49
81.37 80.22
54.62 2.57
69.64 37.61
6.83 31.22
39.45 12.27
94.75 42.60
81.00 59.75
38.17 51.26
50.61 37.89
11.29 83.63
50.30 50.47
45.05 41.98
91.70 92.34
73.91 4.71
38.49 68.70
55.18 81.18
28.56 86.04
30.52 46.28
25.70 73.58
15.48 79.72
69.24 19.15
75.97 7.55
43.04 81.52
25.81 60.70
49.30 0.09
42.31 99.57
5.25 17.19
1.79 53.15
26.65 4.74
9.35 7.89
67.14 12.48
95.83 50.25
30.58 90.41
78.33 34.69
58.59 62.98
93.67 96.43
73.16 15.72
59.53 8.09
43.09 75.86
82.06 36.09
28.32 72.42
90.99 82.80
68.71 36.71
31.90 75.01
65.78 1.56
50.81 97.79
29.36 96.28
80.95 55.17
16.12 48.90
95.33 0.03
35.16 34.73
80.74 4.81
24.80 90.78
76.25 28.14
77.97 92.33
97.33 98.07
53.85 10.96
52.22 16.18
54.12 7.70
70.38 6.17
27.99 85.73
10.47 20.69
36.59 34.64
81.30 7.79
42.29 81.16
78.86 91.43
2.62 99.22
40.40 90.49
98.97 43.65
51.47 46.83
99.83 50.02
66.96 42.90
72.20 69.92
72.75 57.36
46.66 31.55
54.31 54.75
60.94 5.49
10.09 73.93
74.44 12.67
76.51 95.00
94.89 56.14
14.51 78.00
51.64 90.49
53.88 21.12
11.77 2.39
89.26 92.21
9.42 68.18
29.52 87.38
96.62 45.06
38.41 90.06
28.10 89.30
95.59 22.14
39.66 75.96
24.32 69.16
42.79 96.87
85.92 94.59
58.14 75.47
25.53 70.77
12.02 29.24
67.40 87.22
18.20 26.84
9.40 1.62
27.50 45.09
4.52 14.43
68.38 86.31
4.09 76.19
30.74 41.37
95.70 35.57
19.70 83.12
21.78 62.34
60.54 16.02
79.27 64.27
9.51 73.97
36.92 34.36
74.50 3.87
77.67 58.09
71.16 76.91
86.06 85.59
28.28 55.61
52.86 72.77
81.90 37.06
55.25 61.03
14.04 89.41
56.89 12.91
24.36 3.32
29.62 15.18
81.50 75.91
27.05 55.74
26.46 2.04
38.02 67.09
58.70 56.13
42.59 78.47
95.57 7.93
11.44 70.99
77.53 49.33
13.35 33.41
46.95 65.54
36.31 50.81
73.96 68.88
25.96 20.60
57.42 85.39
96.71 12.01
73.48 26.13
26.37 53.12
93.26 29.15
12.32 32.07
30.98 89.09
66.53 72.42
43.42 55.61
74.59 3.92
84.31 72.12
4.33 69.69
36.11 7.47
70.72 69.46
62.30 31.27
12.67 20.40
40.57 28.43
38.70 31.36
92.46 49.76
87.38 10.63
79.47 78.05
64.48 43.96
90.25 70.39
45.97 89.53
99.50 66.82
33.76 12.87
31.64 93.69
56.79 32.45
83.21 41.97
69.68 99.32
66.51 72.96
28.37 85.10
36.99 70.60
6.11 42.77
72.40 23.15
54.25 58.39
67.56 56.44
44.67 32.26
54.32 10.43
27.14 89.13
11.77 48.68
88.83 80.57
25.63 43.11
31.17 24.01
32.08 89.54
84.08 55.58
56.45 45.57
69.84 80.23
44.42 77.35
95.38 67.44
75.69 8.91
25.12 32.39
37.72 75.68
17.36 24.46
47.61 83.31
45.58 78.26
33.48 40.36
47.97 16.55
33.57 33.48
57.81 13.70
76.41 75.28
68.30 30.62
85.61 34.10
33.49 17.30
4.49 64.90
47.14 23.01
37.26 44.37
25.82 25.16
8.08 19.16
0.87 36.96
16.63 50.27
94.24 47.76
40.35 90.87
56.43 55.57
25.97 86.62
99.60 7.83
33.77 85.10
17.35 73.31
72.55 63.96
33.50 65.47
62.47 72.56
40.07 63.32
1.77 6.78
19.55 7.14
47.84 70.98
1.11 56.63
79.81 48.80
71.11 85.57
41.54 6.92
21.48 2.74
26.74 84.03
63.12 77.54
79.64 66.22
30.18 40.78
31.56 19.42
70.67 12.58
73.13 63.55
88.42 38.74
85.07 80.25
49.43 68.26
37.26 2.73
58.52 30.29
76.83 0.86
11.40 27.20
42.30 74.02
90.94 45.34
82.29 65.64
13.09 14.02
28.07 89.57
0.52 0.24
85.40 75.87
84.87 70.25
80.65 9.60
57.81 35.57
53.52 31.38
21.68 18.32
11.14 37.92
83.01 57.56
29.80 90.69
36.62 44.68
78.56 41.25
25.49 40.21
54.87 91.39
75.65 89.62
50.99 47.36
40.83 16.81
82.15 9.70
28.98 22.30
56.45 60.37
26.98 17.88
23.58 33.36
38.92 78.61
90.62 65.40
5.53 46.36
46.89 89.20
32.10 71.87
78.89 51.22
49.19 11.99
6.17 97.21
56.36 26.71
80.35 5.47
94.34 17.00
98.56 29.40
90.85 4.18
14.54 3.82
28.66 75.45
15.47 13.23
71.17 56.08
5.87 28.48
75.56 54.74
94.35 77.16
74.06 81.03
8.50 35.21
81.24 29.76
44.64 62.24
11.23 69.78
39.50 87.77
48.86 3.09
75.18 69.27
94.95 81.16
56.65 78.19
19.51 90.74
76.54 49.46
4.08 41.42
35.35 66.21
98.81 31.36
93.34 68.42
15.93 67.63
55.39 27.35
13.31 16.46
86.79 47.44
56.62 73.67
20.86 24.85
77.72 30.88
15.11 80.83
30.39 12.43
63.15 25.92
14.32 25.48
62.87 29.29
8.34 49.45
29.18 15.66
50.78 34.86
57.70 75.11
46.95 86.17
4.16 73.34
8.99 10.89
63.72 84.60
25.79 50.62
76.67 18.50
41.23 59.29
78.74 57.34
14.61 83.05
81.11 72.29
73.30 45.58
65.02 99.87
97.49 18.64
63.74 86.75
6.01 57.49
11.55 18.36
35.92 55.67
54.15 50.40
95.73 50.93
73.31 33.43
74.43 74.79
66.96 75.43
57.24 85.56
83.25 9.64
44.84 12.07
95.05 43.49
22.01 83.76
8.72 15.41
67.88 50.74
26.73 57.63
20.74 30.92
61.11 88.29
70.32 64.32
74.66 37.84
98.10 61.13
25.76 3.60
11.18 19.85
73.44 81.45
92.55 64.29
29.73 83.89
95.35 69.69
7.24 41.10
24.89 93.93
81.11 6.99
60.94 98.51
52.38 88.94
81.23 47.15
44.20 16.17
35.45 19.14
84.57 60.34
93.62 41.04
70.17 83.32
1.29 32.29
43.62 92.86
87.05 8.45
95.55 62.69
7.19 69.01
85.54 25.89
32.27 27.77
70.25 71.83
77.43 92.10
18.18 70.82
64.57 26.26
97.53 47.70
94.88 97.18
90.00 45.95
27.98 58.58
44.95 46.82
24.41 84.23
73.07 86.53
53.15 9.27
86.23 6.93
15.45 94.41
56.15 67.50
82.10 66.46
44.40 54.30
39.85 57.72
0.22 50.83
2.38 10.97
84.64 65.94
18.22 74.72
47.58 13.48
92.97 11.28
1.97 25.66
8.69 1.67
65.32 13.20
56.39 24.26
94.07 21.59
52.07 73.50
31.11 83.17
31.40 38.79
43.04 41.89
60.79 22.62
32.92 22.90
27.69 76.28
62.93 96.28
95.01 20.51
20.99 90.76
13.90 76.12
19.18 14.30
43.92 68.41
84.42 20.82
9.97 79.27
45.10 60.96
58.42 76.08
98.96 64.81
36.52 17.49
10.29 69.16
25.51 27.76
44.33 52.76
41.61 95.57
29.81 60.20
1.62 6.38
19.89 28.13
46.63 57.42
16.59 57.86
8.18 39.23
79.81 47.50
66.61 22.36
70.75 98.43
65.09 98.05
83.39 76.82
47.92 57.41
24.71 87.46
1.34 79.74
94.00 33.18
80.00 42.93
85.69 62.90
5.58 37.57
1.92 74.93
87.08 99.61
52.63 39.13
52.46 44.35
29.31 91.03
39.42 89.57
56.65 84.69
66.56 46.92
71.63 72.55
86.94 46.08
52.96 76.42
51.48 62.04
23.55 97.61
63.60 65.05
74.52 78.77
9.59 37.01
59.86 99.42
51.65 0.25
97.02 55.02
6.50 34.49
95.88 33.12
55.56 32.70
61.26 48.64
32.90 9.52
28.30 62.07
51.44 44.38
57.19 37.50
51.92 57.28
71.49 96.38
22.50 97.60
98.52 80.69
71.50 6.84
78.01 61.13
24.97 24.22
33.36 32.12
39.93 53.08
79.04 39.79
2.82 69.07
0.17 47.14
65.49 61.50
81.31 94.46
33.29 72.53
86.49 84.34
79.72 52.17
78.42 23.62
51.32 54.58
14.99 86.40
44.34 39.82
58.62 59.13
33.88 69.36
30.28 54.13
1.34 7.00
8.36 61.87
51.53 36.04
37.12 89.87
72.65 27.15
35.13 95.30
38.20 50.72
73.38 22.63
64.92 23.41
86.02 41.61
97.67 6.41
53.41 45.46
29.13 12.44
8.04 81.75
17.50 3.22
55.89 22.25
36.98 81.01
60.14 14.92
12.87 59.68
84.24 47.29
67.43 79.18
16.12 65.57
97.68 68.65
70.64 10.98
57.62 14.69
71.06 47.83
5.73 21.90
39.02 14.49
33.26 99.93
21.98 57.38
0.44 94.78
84.32 7.69
16.41 58.89
15.82 31.86
78.69 69.06
63.94 4.20
21.24 11.96
56.35 74.65
48.16 80.60
7.56 14.89
6.31 40.69
19.83 92.51
15.52 80.30
6.83 23.78
34.15 91.10
96.04 65.53
38.59 86.79
54.76 8.75
35.42 13.37
80.55 22.55
34.49 64.49
56.02 77.19
75.29 92.82
53.10 38.01
5.43 13.42
20.44 10.32
0.22 43.08
11.59 32.15
30.68 41.36
53.85 32.27
23.00 66.24
11.01 34.51
15.47 2.55
82.29 75.05
85.76 64.49
83.07 43.15
48.57 48.46
7.12 85.18
85.30 98.46
85.59 93.25
97.75 39.75
7.15 56.01
77.63 95.83
26.78 33.68
95.98 80.78
17.19 96.87
3.07 0.80
18.79 19.28
29.21 60.30
92.01 42.47
21.19 45.32
14.71 87.63
33.18 57.64
91.70 50.09
46.85 61.89
86.91 10.13
68.14 33.80
15.17 89.68
92.28 13.86
47.88 99.48
70.73 40.52
17.17 98.59
60.97 38.80
25.00 94.05
65.21 0.86
63.64 77.26
50.18 12.73
37.33 47.94
54.07 9.88
34.08 48.02
23.30 5.28
8.25 50.92
1.56 13.11
29.69 38.20
43.83 41.00
7.17 90.30
85.09 39.98
89.25 87.25
88.19 25.09
50.68 97.07
52.15 83.03
54.03 88.68
51.21 77.36
11.50 59.68
2.89 60.51
62.52 92.76
16.33 93.30
89.01 56.36
7.38 93.16
55.51 25.98
55.84 46.29
9.65 49.66
4.93 8.54
77.92 44.14
96.74 76.01
17.97 58.09
83.22 24.48
48.10 96.00
39.50 39.10
30.90 78.46
51.77 37.14
92.36 93.62
70.48 18.32
60.30 25.36
73.89 60.06
75.71 59.07
70.10 96.84
49.22 92.75
36.14 20.63
99.66 66.73
7.42 88.12
72.01 1.59
49.94 99.99
40.78 94.71
43.86 80.26
86.44 58.62
51.35 77.86
32.94 48.03
45.49 85.33
92.16 17.69
85.43 34.88
43.73 5.51
73.19 55.93
35.61 43.26
90.93 19.61
44.99 52.65
85.57 93.17
25.86 7.97
17.63 5.75
36.93 24.12
0.02 85.62
87.71 14.87
25.66 98.08
77.79 53.05
33.41 55.38
75.52 11.44
11.73 7.10
25.24 90.58
6.04 57.09
77.74 38.10
93.17 41.67
82.92 14.33
71.16 23.74
43.21 56.43
52.80 96.07
79.11 9.40
71.04 17.91
36.57 2.27
11.98 71.93
34.89 96.56
54.27 82.67
99.26 97.87
48.88 57.79
13.71 64.89
35.69 78.00
56.99 55.33
77.96 83.70
63.05 9.81
49.40 88.52
73.71 59.33
6.26 97.40
2.69 13.92
6.83 62.04
48.25 93.48
62.37 56.36
2.27 95.38
45.33 26.58
50.00 94.60
75.58 10.39
55.30 42.52
15.77 66.74
16.09 70.32
60.75 23.26
6.68 61.23
60.31 31.91
25.77 74.63
55.90 45.06
45.12 92.40
1.45 88.81
43.62 3.25
70.23 16.02
47.89 42.70
93.15 68.62
88.98 87.53
67.77 90.32
19.92 78.44
64.85 94.15
66.14 69.61
52.81 65.62
56.72 17.92
12.80 54.28
56.39 82.26
78.95 78.25
65.17 34.82
0.26 88.96
71.76 93.03
71.02 1.03
11.74 17.95
34.41 49.85
23.46 99.67
2.87 43.29
39.38 75.45
45.04 9.94
34.17 68.08
86.20 89.28
26.42 89.02
92.31 45.97
42.81 38.26
66.69 97.99
70.63 51.21
29.52 94.14
61.44 85.40
55.10 26.97
80.00 97.39
36.20 78.33
37.97 80.05
19.88 72.36
91.97 32.87
3.72 93.99
56.16 24.04
4.18 34.46
56.81 51.52
31.51 61.52
77.17 40.46
72.53 93.91
9.86 21.08
63.69 72.55
87.67 31.67
82.05 98.27
14.08 94.04
87.44 30.48
61.46 61.57
12.30 37.41
33.93 78.03
96.29 5.03
83.09 59.92
73.84 71.34
78.01 73.92
40.82 92.27
27.86 84.52
61.08 7.48
54.82 15.10
81.62 66.14
69.82 90.55
93.10 75.77
91.69 96.27
83.39 8.30
23.80 79.59
29.95 70.92
36.69 61.64
99.63 79.59
37.49 5.92
69.41 48.84
94.66 79.15
61.34 57.62
67.90 62.73
22.26 83.94
30.68 18.42
35.69 55.86
38.98 7.64
58.28 74.43
91.27 2.23
29.54 20.93
45.68 13.12
43.35 65.77
18.55 77.03
6.91 47.22
63.12 91.24
35.51 6.44
81.31 87.91
43.79 80.08
90.09 12.78
88.09 1.00
40.15 43.25
78.32 90.16
94.27 65.55
90.82 80.02
7.99 85.99
32.21 50.44
7.73 71.05
57.61 57.99
67.89 47.05
19.75 35.16
27.01 21.18
13.07 27.62
32.09 70.92
91.14 24.61
56.81 72.62
25.30 48.81
89.53 74.69
37.82 44.89
38.66 45.21
81.02 20.06
57.24 37.32
66.98 56.95
1.54 78.61
57.29 42.59
5.06 5.97
86.44 58.96
43.56 87.74
44.72 2.29
67.10 52.06
63.57 52.29
19.99 40.43
76.41 55.39
66.34 79.77
77.60 28.67
31.89 31.21
39.30 73.31
87.01 11.97
29.82 67.23
53.59 78.54
59.18 89.46
76.26 44.91
44.10 20.47
81.11 95.26
89.91 56.76
87.49 4.42
31.82 6.02
52.06 7.61
53.50 12.93
88.81 82.99
38.62 65.97
66.11 58.30
88.50 65.53
43.05 37.18
20.05 3.45
26.32 60.13
74.01 0.19
95.13 91.41
63.79 96.98
5.36 24.92
9.90 73.41
89.59 95.60
62.07 41.03
12.01 19.35
36.80 22.84
97.51 21.04
3.88 15.64
3.08 2.87
12.69 78.28
69.06 7.52
51.37 55.52
83.43 54.90
96.34 94.21
66.85 73.51
76.16 98.60
57.97 16.65
41.33 58.49
29.59 21.96
72.86 92.89
61.96 38.57
97.32 70.78
97.71 94.09
46.18 58.82
39.83 51.51
61.80 29.66
42.70 82.92
72.76 15.60
12.14 83.07
34.90 92.88
31.44 10.92
89.77 41.53
62.15 32.05
62.24 72.71
97.77 5.36
94.45 55.64
14.90 96.66
78.16 20.02
69.77 87.58
39.41 5.25
3.44 3.18
97.01 51.74
2.76 4.28
63.05 77.51
87.87 12.46
48.90 27.01
90.65 89.49
16.25 99.46
52.78 89.12
13.84 27.19
13.12 39.82
62.08 33.67
26.70 78.67
76.49 66.95
64.52 97.28
95.71 66.65
34.90 45.99
67.30 81.55
37.84 70.81
71.97 53.18
61.21 94.87
24.28 86.32
77.24 13.22
25.41 24.52
51.79 34.65
55.01 55.55
99.07 50.06
90.70 95.06
85.81 80.56
78.35 39.10
75.86 83.38
44.77 70.35
23.46 14.00
96.09 55.82
82.32 95.17
69.22 76.78
25.12 72.80
87.97 23.57
12.28 77.65
2.03 13.13
35.05 20.16
95.15 53.43
28.04 2.19
55.14 53.97
35.25 51.63
51.82 20.10
88.87 44.23
37.51 16.66
23.70 64.50
29.56 20.16
51.44 74.58
24.88 33.77
0.02 48.20
88.50 90.68
79.58 20.62
33.39 8.24
55.06 66.58
22.69 91.27
56.02 25.49
31.90 67.46
37.78 16.87
47.14 21.14
68.27 42.47
26.41 15.33
11.93 13.64
37.06 38.77
77.95 33.76
2.68 28.76
6.79 33.40
50.00 27.65
9.37 59.27
81.05 80.69
39.07 45.25
83.29 57.49
29.71 86.03
97.22 81.29
64.49 90.89
89.24 40.09
89.15 69.66
31.66 78.63
27.75 6.63
14.61 4.79
6.66 18.95
11.45 45.41
15.23 76.64
64.27 25.67
93.09 9.26
24.46 36.88
89.82 56.04
68.97 66.65
88.23 27.89
78.26 4.52
22.43 41.14
33.51 8.00
93.22 72.05
42.29 29.92
8.79 82.82
26.30 94.60
27.75 98.59
82.93 70.79
98.39 48.04
35.03 9.42
86.37 12.42
7.75 58.12
6.96 15.00
30.20 26.95
10.21 49.41
36.10 42.57
65.08 24.62
85.33 9.90
38.32 69.09
62.14 70.95
94.65 40.52
43.66 95.36
23.40 9.68
70.08 84.03
25.57 5.85
67.63 88.17
86.84 12.12
36.79 53.16
7.57 30.10
36.07 24.14
48.22 53.42
62.53 82.95
30.76 55.79
14.94 58.36
12.69 69.93
20.57 44.19
90.62 19.50
12.59 73.28
59.07 87.69
15.16 96.15
63.18 94.26
18.79 86.16
63.75 57.00
90.16 89.20
93.34 91.65
42.22 56.90
89.28 15.98
3.56 17.19
48.20 23.92
54.96 28.83
24.14 25.61
20.91 99.19
36.98 31.75
4.83 43.90
74.73 20.50
94.85 72.39
79.93 57.72
82.93 18.25
49.50 3.07
55.59 34.23
56.10 87.97
41.06 55.00
96.89 59.54
82.87 69.22
20.95 91.21
35.68 86.05
44.25 23.08
63.84 21.49
71.71 3.83
61.11 71.60
21.19 6.20
62.17 93.10
93.42 22.59
97.16 18.05
51.19 16.23
78.44 92.49
32.51 95.71
66.35 74.48
78.33 95.31
66.52 67.35
26.12 91.70
76.76 94.28
63.47 23.15
64.01 55.42
17.96 30.80
97.26 98.57
53.63 37.83
71.98 3.62
93.22 43.99
7.94 40.56
75.35 2.07
88.44 36.59
48.05 32.11
59.39 35.11
32.53 53.08
40.17 87.54
33.99 12.20
68.44 76.56
93.57 37.86
45.00 73.24
43.24 99.73
47.88 17.44
78.98 10.77
34.82 17.02
77.58 83.02
75.82 42.90
76.91 90.40
32.51 34.29
84.91 85.26
33.28 60.44
61.26 1.93
60.06 89.03
80.66 80.90
90.42 62.05
80.00 96.18
82.95 58.34
38.38 57.13
83.08 96.12
11.34 66.14
51.16 27.15
21.36 82.75
20.01 91.01
66.05 15.26
76.63 51.55
55.11 84.02
98.33 37.85
70.77 10.22
51.97 52.92
6.52 43.27
74.77 4.15
30.82 66.95
10.67 76.53
48.34 95.39
66.55 53.37
89.54 55.56
29.39 59.74
22.21 43.53
40.41 99.13
53.51 28.73
22.72 81.00
63.99 1.76
43.84 7.63
76.27 94.29
83.32 22.97
18.25 81.53
98.25 4.57
2.97 78.80
63.36 99.55
59.08 50.41
58.57 78.60
89.66 88.78
64.95 27.57
12.53 64.24
63.35 17.20
45.18 65.88
50.43 65.32
57.69 4.17
72.33 32.89
54.54 59.71
11.08 73.80
52.77 19.34
22.25 60.47
82.96 83.93
47.24 27.17
41.11 56.52
76.55 2.97
55.07 66.48
6.35 97.10
95.86 88.11
93.41 15.43
91.48 32.06
36.80 5.70
91.18 66.78
92.57 99.67
72.77 60.77
58.94 16.48
46.30 58.36
43.56 87.52
46.35 5.22
21.56 55.08
73.81 90.04
42.19 68.56
11.29 41.04
34.04 99.56
14.74 62.20
73.00 0.95
50.52 85.80
29.18 63.54
59.51 94.69
86.34 24.66
26.95 70.60
96.43 17.70
94.78 81.68
27.50 54.76
35.37 21.32
44.97 19.42
19.78 55.23
68.69 11.69
63.05 94.43
82.03 78.64
21.37 7.27
35.88 44.40
22.24 19.08
21.80 17.64
2.78 5.02
8.63 62.71
8.76 11.76
37.79 59.48
80.36 73.53
49.34 14.31
15.61 98.15
30.46 39.89
80.77 19.27
4.36 64.70
94.84 94.81
67.29 29.90
19.18 78.54
43.44 57.55
99.79 32.00
82.26 37.85
40.59 88.51
19.53 91.18
41.33 83.04
69.99 79.19
31.02 36.67
81.62 28.89
77.70 92.33
73.50 81.62
39.31 72.26
6.37 55.06
83.37 60.11
26.21 60.81
8.69 2.10
33.79 1.84
62.95 65.36
46.68 24.99
13.50 54.48
94.78 79.95
27.93 27.13
62.46 80.18
21.49 84.04
88.15 74.64
6.05 94.36
6.03 75.80
2.59 67.42
10.43 91.80
7.79 53.98
72.35 95.22
55.54 9.12
32.83 84.99
18.63 24.55
48.45 38.40
82.30 95.73
60.06 59.99
48.18 13.92
71.74 9.94
30.22 21.89
60.75 97.07
74.14 97.13
25.53 85.71
52.18 54.74
17.62 91.64
9.81 8.30
25.39 60.82
63.71 90.33
5.28 26.13
29.04 26.23
47.31 89.73
79.89 66.38
48.84 81.36
53.80 11.04
12.64 79.77
59.55 16.63
73.99 40.70
0.28 48.01
18.39 65.95
30.55 14.90
8.39 83.64
46.94 51.85
84.23 56.72
26.68 61.04
21.60 60.51
0.64 91.21
2.06 47.79
28.23 54.62
45.38 97.75
98.08 72.99
6.04 40.84
99.07 95.92
47.29 97.49
76.19 46.15
52.58 78.12
29.23 55.71
80.17 6.03
73.07 39.68
25.67 82.97
42.32 1.71
98.34 85.66
48.91 55.69
89.88 90.64
7.70 90.51
40.77 69.20
44.55 68.55
41.63 66.22
67.42 65.50
48.89 15.46
13.53 18.04
52.33 45.03
8.13 89.39
51.02 45.86
3.24 92.29
9.44 12.94
66.65 28.40
57.33 64.27
29.78 29.42
79.39 26.80
96.21 71.19
63.97 85.54
77.17 12.10
58.36 42.31
58.26 62.50
50.47 9.83
66.86 61.18
27.91 7.94
92.05 69.37
52.76 51.40
15.80 18.77
79.73 4.18
36.85 95.64
19.93 15.78
21.72 21.01
64.86 24.50
47.36 87.89
11.81 18.70
18.72 54.30
47.09 20.86
60.28 58.82
15.03 46.69
57.03 59.21
27.10 30.98
14.99 34.72
8.29 30.98
16.78 72.97
23.30 9.46
41.49 29.82
6.90 72.95
96.98 42.80
17.92 32.48
90.65 90.27
80.63 26.65
65.22 51.78
22.24 76.19
67.27 96.61
3.64 99.15
69.91 18.98
81.07 83.65
38.57 81.15
52.66 86.09
90.97 16.06
43.81 94.33
29.48 15.17
87.14 0.39
89.52 17.77
41.20 86.38
0.76 78.77
9.52 64.05
37.60 42.88
86.52 62.56
19.02 17.08
39.62 42.83
31.68 49.21
31.23 9.91
77.67 63.01
88.39 62.29
9.82 30.83
12.20 73.49
7.64 40.06
9.32 72.78
21.35 52.58
26.26 34.46
51.90 52.08
3.65 51.97
31.85 22.31
3.93 58.78
37.41 55.02
22.98 17.55
3.58 27.25
21.52 52.74
7.10 93.08
93.15 71.65
89.71 82.66
50.31 65.90
25.26 73.15
45.80 65.03
22.11 93.29
40.74 93.74
31.14 63.85
83.15 42.17
73.39 15.92
73.04 74.49
24.03 28.31
67.17 46.61
50.20 76.56
14.86 43.63
35.23 77.57
67.17 1.40
56.05 26.88
30.10 4.53
42.50 44.13
8.96 82.02
52.36 68.40
25.89 77.22
5.62 29.04
23.75 60.34
52.93 42.86
70.85 70.85
77.86 88.33
93.74 2.44
82.16 89.86
34.64 68.89
28.13 7.65
43.48 1.59
13.44 91.89
90.51 74.69
6.05 27.42
86.54 63.69
90.06 67.99
0.41 56.62
59.26 74.18
44.35 64.08
62.74 27.16
75.30 23.39
32.81 6.30
97.76 90.37
24.83 89.02
61.47 61.86
95.95 33.91
55.31 98.18
58.15 25.22
68.35 94.04
52.23 62.55
30.17 41.71
73.06 74.32
56.13 50.29
67.30 63.48
43.17 2.42
30.24 80.54
71.89 26.03
21.62 94.11
65.46 26.17
0.29 35.33
61.05 87.57
34.18 60.34
90.96 90.53
85.29 64.32
60.25 71.58
40.95 74.98
2.38 93.35
71.72 1.16
70.95 57.92
61.62 64.94
12.40 4.02
21.12 8.10
21.63 72.43
33.37 57.41
25.67 86.82
6.98 55.13
54.33 78.15
88.01 74.21
11.31 76.50
47.69 25.92
76.19 79.91
48.64 83.59
82.29 77.23
68.18 57.07
50.45 47.08
38.40 30.58
18.38 10.55
12.15 90.49
90.59 47.91
92.17 82.18
47.02 94.33
33.21 58.89
96.21 23.33
83.39 37.19
36.90 83.79
30.80 39.81
44.49 27.24
1.67 98.02
1.21 46.58
57.80 50.67
41.80 3.03
65.56 5.97
34.57 8.73
46.47 96.89
22.41 49.42
50.78 98.02
81.82 53.88
46.78 97.23
99.67 87.66
79.68 82.66
98.30 78.96
7.53 5.75
90.31 85.15
58.19 83.37
94.24 54.94
81.90 48.40
37.01 39.57
23.40 13.09
95.62 20.13
89.04 18.75
16.43 41.90
78.99 22.14
5.61 93.12
95.52 41.83
48.24 70.64
73.87 64.53
64.07 53.23
29.91 22.06
78.87 61.43
68.72 25.91
98.94 62.82
0.09 62.34
18.10 32.08
40.82 4.05
3.97 46.93
72.24 51.78
18.09 4.94
61.04 60.58
17.21 54.31
73.21 98.45
87.10 10.27
6.68 29.03
81.06 90.82
95.65 20.97
53.03 20.64
44.85 75.84
85.02 44.32
57.67 59.58
94.78 28.82
74.12 70.75
48.19 11.35
74.25 88.84
60.35 39.51
91.66 30.52
98.65 89.24
41.74 0.43
53.04 1.51
49.55 64.59
85.31 0.76
34.98 37.38
59.03 28.41
71.51 61.13
43.02 46.32
1.53 19.06
98.02 32.40
34.36 50.97
70.50 94.69
12.74 58.65
33.77 8.95
34.92 65.30
18.60 59.22
91.21 36.53
70.15 77.59
49.22 95.82
22.75 76.93
99.32 23.67
64.12 51.74
38.24 50.83
44.60 67.87
94.20 38.71
0.36 83.79
68.18 40.64
3.93 92.99
61.25 53.26
74.25 56.11
93.50 82.81
18.37 10.92
88.33 92.43
55.23 36.69
75.34 73.90
88.02 95.70
69.94 51.94
38.52 67.42
46.51 13.09
94.97 0.24
97.90 96.68
61.04 46.52
13.98 83.83
80.18 5.37
72.70 5.01
50.74 35.00
35.65 72.76
25.62 10.43
3.35 78.00
73.19 26.80
35.51 66.58
6.14 81.88
55.01 44.11
0.48 88.84
10.35 81.03
71.98 69.85
39.61 47.80
73.02 80.43
13.20 89.81
47.28 61.91
69.81 55.13
29.24 57.68
43.54 43.18
61.14 90.35
16.27 8.90
42.56 44.76
72.40 40.10
50.32 41.76
5.60 49.16
92.66 47.17
71.44 32.92
0.36 94.57
70.72 13.57
96.63 86.37
16.75 64.60
77.53 36.66
41.11 92.93
62.45 82.33
95.54 78.14
57.40 43.13
84.34 24.74
0.94 89.33
3.41 97.05
6.98 0.74
17.24 81.53
76.32 8.16
74.22 23.59
81.37 18.30
31.24 6.22
95.17 8.02
69.38 76.84
43.60 73.09
71.73 71.56
35.09 42.57
19.61 27.52
27.74 16.80
71.16 46.69
95.97 50.01
79.31 69.33
36.21 36.76
2.40 60.87
41.68 15.38
6.41 94.28
9.40 17.35
99.04 96.35
93.05 43.11
28.28 24.03
98.62 57.30
32.13 71.85
76.41 8.91
60.44 98.96
50.31 4.26
72.82 59.30
23.95 21.37
40.90 23.97
81.10 0.96
33.33 39.86
59.30 89.44
75.85 5.55
81.56 63.15
93.17 53.36
17.13 21.81
94.48 4.89
13.05 73.93
98.11 0.34
62.08 81.71
58.96 52.92
74.90 24.17
32.99 80.77
45.30 24.04
77.83 2.52
41.15 24.63
79.00 43.23
74.00 50.90
43.47 89.83
30.69 71.48
60.34 57.35
37.52 26.05
27.87 2.34
81.78 12.12
78.28 98.56
1.57 36.37
16.80 40.22
29.13 15.55
11.09 17.02
76.25 75.47
91.49 0.81
62.35 48.86
31.13 73.00
53.30 21.10
58.72 70.30
95.23 38.34
61.13 78.67
81.45 26.77
18.72 7.89
53.98 77.96
21.42 3.45
23.62 35.24
54.90 4.97
77.50 17.73
99.34 5.56
80.38 87.07
1.20 23.03
71.46 99.58
61.03 88.64
67.97 52.31
71.99 67.78
25.90 35.52
87.36 25.53
21.71 54.35
81.52 37.82
20.23 98.39
31.21 16.86
55.59 29.53
14.71 69.31
79.97 85.64
31.84 10.82
89.86 76.34
49.51 4.68
26.31 82.65
47.22 2.21
48.65 26.82
43.64 31.78
14.38 20.50
39.74 39.62
82.03 55.96
59.56 67.02
33.01 47.02
31.77 39.91
43.74 30.49
58.47 79.71
34.65 9.46
17.46 88.11
89.60 46.54
12.09 78.60
60.48 69.57
60.24 46.37
73.12 99.01
97.96 12.50
3.52 15.91
21.57 93.82
36.56 58.54
96.39 57.67
33.48 81.68
40.54 15.27
73.33 73.66
42.05 52.47
71.42 80.77
33.03 94.05
90.38 73.18
26.23 7.68
38.23 69.96
8.59 77.75
54.33 71.18
57.11 32.34
83.25 18.29
16.32 87.85
75.73 89.49
71.39 3.99
61.47 11.22
32.62 14.70
66.43 78.23
25.68 23.51
36.98 65.95
73.68 22.89
12.07 29.63
31.45 97.19
63.99 29.91
85.33 72.94
68.22 66.45
63.59 8.69
46.67 35.70
8.23 69.07
98.78 75.38
65.14 82.93
12.21 43.13
7.82 20.65
23.75 3.38
29.61 1.39
27.34 72.87
92.89 92.69
53.74 84.82
44.96 55.81
94.01 20.01
11.65 49.53
82.82 46.96
6.79 17.08
51.43 17.07
4.42 37.07
20.38 97.79
41.04 40.49
28.07 9.17
74.91 51.24
99.48 94.60
25.96 98.21
76.67 95.48
19.19 95.50
12.51 21.47
5.25 90.23
52.88 19.29
71.92 27.38
21.97 2.87
60.77 71.20
32.76 0.74
33.51 54.69
75.44 79.43
70.86 16.49
46.17 48.52
73.37 61.40
48.47 55.33
2.90 42.44
78.80 70.88
19.49 18.20
77.26 46.85
28.09 42.33
72.19 69.96
66.04 86.32
68.44 88.77
68.56 3.48
47.96 77.90
82.58 20.28
4.10 71.74
69.63 8.15
87.82 39.33
57.74 13.43
66.37 69.43
45.40 52.57
59.38 68.05
45.49 16.40
70.50 65.84
47.51 15.91
12.20 53.31
19.77 3.40
31.15 42.28
80.33 44.13
23.81 23.47
25.45 78.39
92.98 58.68
50.41 22.46
82.99 57.39
10.13 58.83
40.86 46.37
34.92 18.34
70.53 98.61
3.18 61.39
45.25 62.23
68.82 0.81
84.60 19.42
81.81 89.32
88.54 68.59
69.97 99.56
2.87 84.37
61.86 95.03
91.56 9.06
59.88 44.33
27.65 17.41
8.85 10.48
47.33 22.96
18.67 75.50
3.56 94.07
27.69 1.43
17.12 56.88
78.00 46.65
72.15 93.48
56.94 68.96
51.65 0.14
79.03 46.25
12.16 76.51
9.10 58.07
65.06 52.86
1.59 93.32
18.50 57.29
84.93 34.49
45.49 62.74
68.43 38.12
72.83 36.42
32.18 63.37
19.37 73.32
5.89 0.89
16.16 66.59
52.92 39.45
11.72 94.32
21.92 46.43
21.07 46.44
36.81 34.50
45.99 11.11
21.00 10.69
19.72 51.70
28.99 97.28
17.51 56.38
93.08 66.56
21.39 99.48
15.10 54.02
89.40 52.09
95.84 78.43
62.86 59.44
84.56 27.33
28.59 20.16
76.51 14.36
94.12 81.46
23.67 44.04
76.19 15.87
24.92 41.03
85.28 27.36
73.32 76.41
76.20 4.40
49.00 31.77
27.25 81.28
58.52 21.13
71.77 72.11
93.53 98.32
49.96 90.35
81.63 79.48
12.83 50.39
55.44 80.52
33.70 28.64
20.97 68.47
54.91 80.15
6.44 95.07
58.56 14.99
94.48 97.40
69.53 6.63
79.90 79.47
41.01 64.33
24.93 59.66
95.74 60.43
68.34 12.42
70.18 41.84
70.28 47.79
84.73 94.43
47.36 83.33
43.84 92.55
22.85 8.90
88.98 45.73
46.83 62.47
0.55 73.31
91.61 92.50
77.89 13.93
18.71 88.79
84.66 13.67
45.56 30.81
34.29 76.50
7.24 97.47
43.73 43.09
65.89 94.99
48.43 72.36
66.36 90.25
80.25 53.80
63.06 76.15
97.39 61.59
5.44 18.96
12.04 87.66
91.73 26.65
12.59 89.68
56.58 91.93
57.40 63.75
66.07 95.07
41.42 53.76
42.74 37.53
67.70 14.17
72.84 13.40
57.90 60.73
50.64 4.37
30.60 14.73
24.68 21.33
24.74 83.14
28.14 85.20
12.03 15.13
70.90 17.21
80.54 6.49
93.56 33.21
65.78 33.68
58.26 74.15
12.14 78.33
48.42 43.70
86.87 92.75
16.75 72.45
97.21 19.60
91.43 82.17
90.42 65.69
14.82 40.65
45.51 49.48
2.39 5.81
92.53 1.60
16.56 81.96
78.75 42.97
4.17 37.93
58.68 7.92
80.32 61.65
74.71 97.53
40.74 60.43
78.81 13.44
90.52 64.40
64.45 32.30
10.40 34.36
54.70 82.18
64.36 23.23
17.03 22.78
56.69 14.95
43.80 82.34
17.69 42.62
34.20 81.26
42.84 30.58
15.95 77.38
49.81 36.22
76.36 92.31
94.16 5.87
82.78 52.70
45.67 70.57
76.86 77.92
51.99 44.65
11.96 55.32
41.07 75.74
34.87 83.53
98.93 41.08
44.68 41.75
13.33 86.67
16.65 43.83
33.51 72.64
44.35 20.23
25.87 39.61
35.40 46.29
5.12 97.06
3.12 58.35
81.06 57.49
65.39 14.03
60.33 93.15
87.98 46.08
88.42 1.50
81.60 41.25
78.64 90.85
60.61 68.90
13.59 77.31
0.86 57.87
48.15 46.38
33.50 46.27
41.99 57.60
34.35 63.47
41.08 69.10
77.82 32.92
35.13 98.58
73.16 75.15
47.34 93.64
39.74 42.77
62.29 51.29
76.09 56.81
69.31 85.98
67.69 30.51
70.64 48.45
1.17 87.90
5.54 78.50
9.63 3.84
52.97 32.03
70.70 30.33
7.94 67.60
51.07 35.40
68.61 65.48
15.73 65.16
13.58 27.92
44.84 12.64
0.77 49.89
76.76 52.08
21.73 95.57
3.94 63.47
44.62 46.54
94.13 65.62
41.31 72.21
31.30 40.96
14.26 68.76
71.45 22.00
4.31 79.58
24.91 39.27
97.37 6.05
1.64 33.05
52.48 45.44
0.89 93.59
22.59 32.45
12.88 20.68
90.92 1.12
13.70 57.37
96.73 57.39
6.25 16.05
25.20 20.73
37.37 14.08
92.51 92.32
6.47 25.04
91.03 62.05
16.06 39.29
99.92 69.25
88.59 29.28
68.97 80.42
53.85 0.81
95.04 19.56
30.20 25.18
99.29 38.23
16.66 89.83
72.89 95.12
81.14 40.60
22.48 33.84
21.93 63.95
7.78 68.26
92.81 27.51
94.12 10.87
71.39 77.62
5.17 94.70
60.74 72.08
90.66 67.36
24.34 31.64
82.43 94.61
58.41 10.39
99.59 31.19
68.17 46.12
80.98 0.77
72.27 94.42
55.50 51.13
31.29 42.62
35.44 37.36
58.81 57.14
36.68 51.33
83.82 36.47
88.32 5.23
51.32 49.69
29.60 66.41
29.05 42.15
95.82 56.03
17.78 35.10
9.32 59.83
5.71 70.32
77.88 24.29
65.00 89.05
29.85 81.41
59.52 77.16
11.53 16.25
4.86 85.01
75.37 97.12
25.39 54.45
60.71 56.32
86.50 73.95
3.63 47.84
65.96 32.11
72.56 81.78
8.58 39.66
69.24 54.18
78.50 27.07
1.43 77.19
39.84 94.49
1.43 42.31
47.51 40.31
21.40 33.89
10.07 35.96
33.76 69.64
12.16 91.27
20.37 37.69
89.31 97.36
97.12 73.86
76.99 38.43
75.55 11.01
62.19 21.14
41.15 11.39
2.66 15.55
44.10 76.30
23.69 11.67
7.05 45.36
40.14 50.30
55.61 28.26
25.38 97.61
3.46 63.83
19.32 72.53
41.32 78.45
96.77 37.69
41.14 88.47
75.71 96.69
43.22 86.28
97.72 58.23
11.73 26.37
49.46 44.94
49.98 67.70
27.35 49.16
0.87 72.88
58.52 19.87
82.58 54.67
61.96 26.39
62.92 12.41
37.05 25.20
96.17 88.04
68.33 18.20
15.58 30.89
20.89 22.09
52.68 60.52
55.45 82.11
37.72 4.36
21.58 26.95
6.77 5.39
6.00 11.06
50.27 43.62
86.69 74.08
35.56 10.79
57.16 96.20
36.71 96.44
45.43 25.67
62.45 84.13
10.16 91.33
39.41 39.44
69.54 82.23
11.12 43.09
73.56 45.25
97.55 64.54
14.43 10.73
42.92 56.86
44.75 84.55
61.22 93.12
92.39 53.57
39.30 18.07
70.24 62.89
52.95 91.43
40.25 50.11
51.67 31.65
44.28 44.06
55.24 44.38
34.28 19.75
85.71 51.59
85.80 94.92
29.36 59.99
94.74 20.38
26.34 56.66
9.56 9.53
11.63 94.15
92.28 96.72
41.10 13.85
66.92 37.43
45.03 13.19
12.86 16.13
88.04 73.77
67.91 45.23
77.01 34.34
12.47 40.06
69.97 68.67
98.51 61.94
8.14 43.16
85.33 87.33
93.33 13.40
68.52 59.00
27.55 16.84
14.66 50.77
80.55 88.70
89.42 90.13
22.66 79.64
99.81 34.80
48.35 24.48
40.44 62.90
8.74 89.99
49.64 1.37
22.06 91.35
83.78 93.91
50.95 71.26
20.81 34.92
61.16 91.70
31.65 8.88
28.12 9.09
69.26 6.11
54.46 47.10
77.70 29.39
42.97 66.39
82.53 24.42
96.23 47.00
73.92 49.84
31.81 56.52
62.62 96.48
48.74 84.55
99.01 79.10
32.78 38.97
87.94 2.49
45.42 91.71
3.99 63.12
48.71 43.11
74.67 80.73
66.60 8.13
83.65 83.38
49.96 83.41
19.63 44.16
49.40 38.02
71.68 96.99
14.75 48.34
61.43 6.29
83.91 11.23
12.66 11.56
20.77 89.84
30.14 39.78
50.60 84.18
94.75 38.23
29.99 17.79
22.47 63.88
40.18 83.15
42.52 90.45
63.75 66.85
35.58 83.38
82.42 99.28
94.65 61.86
68.33 8.57
21.54 87.62
80.21 78.96
9.75 52.92
96.69 87.51
99.64 64.26
73.77 12.19
40.76 78.61
25.10 42.57
8.40 42.96
26.01 67.22
92.29 76.86
51.04 63.56
49.37 44.98
93.48 51.60
43.60 4.80
23.65 84.42
6.55 20.39
87.41 88.64
45.92 66.73
21.64 54.66
47.45 71.21
79.65 20.87
94.78 78.53
39.45 98.65
38.95 71.08
15.20 99.05
97.19 98.89
78.07 7.10
30.20 2.48
51.03 61.91
97.80 28.55
59.75 99.13
67.16 84.39
95.23 3.78
60.87 50.76
50.97 64.68
11.38 60.03
14.74 48.65
55.50 82.16
14.71 99.31
83.15 2.69
86.02 50.65
99.86 43.13
1.40 79.05
48.83 10.77
14.69 64.11
72.22 14.00
5.98 21.46
10.96 39.51
54.16 21.24
87.48 94.83
37.53 17.03
82.32 22.48
73.84 82.09
7.34 3.90
22.35 6.24
15.85 96.53
55.73 5.85
3.25 87.53
35.20 23.56
44.54 63.08
26.17 7.92
12.02 90.35
36.42 44.25
21.42 14.48
76.67 20.81
9.79 32.57
10.89 29.77
53.48 14.41
57.40 58.39
47.33 27.40
73.90 84.89
31.78 4.62
96.71 80.48
89.35 64.19
2.92 47.53
4.61 17.29
6.04 46.16
44.70 15.52
87.99 34.04
89.71 36.54
98.91 0.26
55.85 91.42
72.23 66.10
98.18 13.48
13.74 29.02
82.01 29.74
72.20 66.25
57.64 2.50
17.13 93.95
4.22 28.32
8.25 36.83
15.94 46.43
91.04 65.13
95.45 10.67
58.20 80.30
62.43 50.56
10.18 32.77
96.65 48.46
9.42 63.94
6.38 14.26
23.10 7.85
18.81 17.27
49.07 27.64
93.96 42.47
48.53 72.23
35.89 82.86
47.09 21.39
27.06 70.30
96.77 50.41
84.42 36.18
25.51 65.53
23.62 8.05
45.81 0.01
39.97 62.18
23.33 1.64
51.70 86.84
70.35 76.21
76.88 29.21
87.19 45.12
95.47 21.66
7.27 49.94
51.12 92.83
58.29 59.22
52.23 0.20
98.51 36.12
37.28 78.86
86.16 10.19
12.85 69.63
75.29 11.59
15.46 58.09
62.56 19.78
86.93 33.78
37.25 28.11
71.39 54.68
73.32 60.25
8.44 63.45
15.96 19.20
55.78 52.30
33.78 66.77
29.69 9.33
33.08 39.82
53.47 22.82
78.26 95.70
9.96 94.66
25.85 38.90
69.04 28.79
29.17 4.57
71.84 43.08
82.50 99.29
91.74 48.52
75.22 32.01
87.49 10.90
51.09 50.25
94.18 82.91
82.88 86.88
75.52 48.04
16.43 24.54
39.29 56.38
96.18 2.86
90.86 37.48
50.08 70.97
4.33 26.55
74.94 21.88
8.65 17.33
1.40 89.27
54.42 70.16
4.95 79.50
44.46 22.12
79.40 30.86
3.29 14.14
15.38 33.89
27.25 4.55
12.72 97.85
97.62 91.26
78.53 17.38
69.22 29.60
10.67 5.92
20.16 70.92
13.64 74.60
97.28 48.78
64.25 87.08
26.41 89.79
62.32 45.41
51.80 14.40
68.62 87.37
60.70 39.88
40.79 9.58
75.94 29.15
1.73 89.92
18.04 43.30
9.87 94.88
76.64 77.66
50.29 71.26
37.97 84.40
16.13 34.29
11.95 41.53
86.27 72.05
96.87 97.05
94.63 67.93
16.44 33.72
87.81 67.45
20.73 32.62
60.69 32.35
11.29 32.67
78.33 79.56
64.79 89.92
6.21 7.85
59.53 23.79
49.31 98.89
22.41 12.68
71.79 87.98
15.31 0.80
35.31 9.54
39.22 25.45
70.44 44.42
99.36 3.62
12.78 6.37
65.92 42.44
18.58 41.10
23.03 61.41
49.19 3.24
6.41 17.95
53.66 87.81
8.58 41.19
43.27 65.19
36.58 48.11
52.37 82.41
82.64 63.74
99.01 40.11
1.23 86.98
74.59 42.50
29.99 55.98
1.23 0.20
72.52 48.06
63.42 15.69
94.82 14.71
14.11 43.03
48.82 52.29
65.51 85.38
98.21 44.76
45.86 23.41
69.86 51.37
45.15 34.08
47.05 62.16
82.46 59.33
74.18 40.03
57.89 91.03
47.57 16.12
76.97 57.48
30.27 20.18
25.04 82.29
64.31 52.25
18.97 78.69
49.35 29.15
67.06 69.00
16.66 86.46
39.44 22.56
29.18 93.95
45.76 64.96
50.84 99.46
72.73 83.02
34.47 91.93
78.43 74.44
83.91 46.17
66.81 86.77
29.65 86.33
79.49 81.61
67.07 39.07
59.99 90.31
75.85 56.18
24.03 88.15
51.93 21.78
34.95 38.60
58.56 1.86
22.74 8.05
95.20 40.38
43.09 70.68
61.14 57.79
55.97 29.56
65.93 36.73
81.41 31.05
50.36 4.58
5.82 61.25
5.50 95.10
23.47 53.52
34.81 1.23
83.63 66.57
0.18 37.82
74.79 59.48
58.07 13.89
8.46 93.80
32.11 25.68
32.37 60.40
42.65 45.30
32.59 29.17
65.25 29.58
55.95 62.34
49.29 84.87
97.52 48.45
44.09 92.81
45.04 59.99
74.54 15.50
71.48 78.97
38.05 68.85
78.12 30.64
66.03 24.89
62.13 19.93
57.96 24.27
18.29 97.08
7.58 52.51
56.84 78.83
22.55 99.66
98.76 50.10
61.21 37.22
29.98 56.70
21.57 53.00
49.44 31.32
9.20 58.52
95.23 84.17
12.95 29.52
46.62 62.27
49.52 67.50
3.02 56.13
68.07 92.62
24.57 5.04
55.42 54.34
63.18 14.05
29.94 93.34
87.18 68.55
80.15 37.50
91.85 5.64
14.74 6.48
17.19 81.80
86.19 68.63
60.62 76.12
69.94 94.47
89.92 18.34
68.97 78.62
73.19 83.17
71.21 82.30
68.58 48.95
34.09 86.99
6.19 48.40
16.32 9.04
27.47 44.94
87.21 63.95
15.24 98.83
15.32 64.75
58.20 27.82
99.35 50.29
57.36 71.41
2.36 25.52
57.65 30.43
22.85 54.81
32.94 76.31
66.96 63.90
1.64 39.65
2.20 62.49
7.17 92.61
10.89 74.60
71.82 44.69
32.95 74.66
68.63 3.58
48.90 29.16
26.02 75.33
59.47 80.51
47.26 47.32
43.95 51.16
2.26 6.88
13.22 58.55
81.08 31.95
43.17 22.66
60.60 4.86
14.85 81.06
35.18 98.84
62.06 29.13
63.49 96.15
3.30 92.68
76.46 92.89
79.52 98.74
17.32 70.61
8.93 46.76
93.21 88.11
60.86 41.92
85.58 41.17
2.04 22.13
55.09 46.09
96.57 40.94
49.78 29.14
24.38 4.51
14.92 95.12
37.65 22.35
55.17 47.44
70.76 97.42
24.34 55.88
33.17 86.57
22.30 67.08
31.08 85.16
5.63 75.78
67.26 87.95
1.79 34.98
10.68 74.30
90.41 61.24
2.11 67.77
65.87 70.11
54.14 94.02
5.59 79.45
59.20 88.60
67.23 0.66
80.42 64.51
13.77 60.71
55.80 88.77
83.76 96.03
86.91 37.92
66.58 2.85
79.57 64.88
99.06 26.53
5.63 17.54
95.64 78.66
30.22 95.45
97.80 78.06
58.67 24.90
62.97 17.13
9.89 13.15
2.14 19.13
70.80 70.67
82.64 24.69
5.29 55.25
71.19 33.31
68.54 95.14
13.07 54.66
56.18 6.09
92.76 2.10
90.11 36.86
89.00 64.03
92.84 59.83
9.33 36.68
37.67 56.07
4.76 67.39
99.45 35.37
71.53 86.79
29.21 65.80
36.41 91.37
20.05 63.97
1.75 47.52
16.42 24.23
65.59 11.79
32.33 46.67
4.25 20.47
65.06 72.04
57.85 32.07
39.90 50.07
62.44 81.30
40.00 33.02
22.38 73.02
91.19 66.58
66.65 15.93
33.64 55.28
82.16 76.22
8.02 49.31
37.34 93.90
4.11 39.89
77.64 37.58
18.99 2.09
19.50 48.15
29.55 45.16
44.86 97.72
0.09 4.86
66.48 99.51
2.25 87.31
8.85 12.21
23.49 4.64
48.50 62.31
13.20 72.49
98.04 44.31
1.12 17.00
64.69 98.66
18.87 6.95
44.82 72.42
72.46 26.31
33.48 63.15
12.24 81.22
43.31 8.91
23.05 6.62
49.26 39.37
33.53 84.08
7.57 50.20
50.39 85.66
29.28 21.16
66.00 23.69
2.65 7.81
10.77 51.85
58.15 80.52
80.62 4.12
32.42 35.34
17.19 77.62
45.17 8.52
73.29 70.45
34.92 69.02
6.44 10.23
60.06 8.98
60.64 48.52
84.65 0.68
9.50 19.90
28.79 99.58
2.62 73.14
12.39 20.33
11.53 38.61
31.36 11.29
82.74 87.41
40.55 14.78
3.85 19.13
73.52 91.20
39.28 58.60
70.96 48.70
66.08 46.97
62.38 11.88
77.92 55.14
20.30 43.66
77.72 45.07
63.15 11.65
31.98 48.15
57.21 3.13
14.53 82.44
33.81 68.49
33.74 7.55
16.61 2.70
38.48 19.61
78.69 5.34
71.51 67.14
49.15 47.20
18.11 32.93
77.74 19.35
62.44 74.68
93.01 4.85
54.00 9.53
88.65 95.33
5.59 9.92
45.77 77.49
61.60 33.17
59.68 79.80
92.15 13.83
84.30 64.79
53.63 44.08
51.08 45.87
67.07 91.20
23.69 0.21
2.58 91.17
92.88 87.51
58.25 58.52
40.39 33.78
93.32 53.03
27.52 65.72
9.17 68.37
27.24 69.41
48.19 86.12
75.66 98.33
58.07 82.62
65.87 73.67
89.54 31.29
79.62 92.68
98.90 14.58
28.12 42.47
38.08 93.75
2.51 89.65
8.49 93.75
92.13 48.23
17.42 19.15
25.94 84.89
54.07 87.48
75.47 96.77
66.14 17.00
54.69 73.93
35.79 99.98
21.73 92.66
48.99 84.48
53.29 55.06
70.72 52.41
44.85 11.88
67.27 96.00
94.26 4.70
43.67 59.57
9.87 71.06
43.34 12.98
21.26 1.83
23.01 70.05
49.34 23.38
25.28 47.33
73.33 97.84
49.87 44.33
37.92 82.15
57.61 91.58
54.82 19.89
10.51 53.80
19.07 69.85
78.30 77.74
40.62 55.08
22.67 51.89
81.73 63.92
66.72 95.61
28.68 64.96
88.47 33.22
5.04 29.48
28.98 28.72
52.54 56.24
38.51 32.20
52.36 73.01
3.25 82.57
13.24 90.64
49.27 56.43
98.08 89.72
44.51 20.23
59.57 4.02
6.71 22.63
41.78 69.37
9.89 85.49
44.98 19.39
86.44 69.09
85.98 96.51
81.96 34.30
98.68 75.30
81.90 36.48
59.67 62.23
27.72 47.90
27.16 28.79
65.43 1.99
75.82 48.50
12.57 48.30
37.54 87.40
67.29 22.46
91.57 86.58
54.33 7.61
66.32 42.30
62.70 9.82
11.50 14.99
54.87 72.15
34.73 9.33
16.48 31.91
67.26 33.82
71.09 90.03
31.66 42.93
43.10 42.57
61.63 82.74
57.39 39.50
58.35 90.62
20.98 42.71
70.46 49.22
2.75 30.79
38.77 52.12
42.40 69.84
62.26 67.91
18.49 92.71
59.74 27.71
90.18 63.74
95.51 48.03
70.14 44.16
30.77 70.20
25.08 50.64
52.86 52.79
20.11 87.75
60.30 44.41
75.71 27.84
65.63 37.65
42.02 35.77
53.43 71.57
27.70 44.49
58.22 33.22
24.51 97.47
62.88 79.00
17.08 55.55
19.27 53.47
51.55 22.79
20.23 92.41
85.31 40.37
13.82 31.68
53.56 48.94
66.45 15.51
62.32 66.38
60.95 34.25
94.86 9.88
75.69 41.13
88.63 14.41
91.76 9.09
42.16 11.24
92.25 30.71
56.28 94.32
52.86 1.70
78.89 3.04
32.63 22.10
25.85 26.51
77.75 43.38
31.18 28.53
70.52 74.32
51.05 73.46
86.51 48.20
22.25 88.91
88.01 47.93
23.02 20.86
32.40 54.73
99.39 87.68
26.41 11.53
43.50 60.30
87.47 19.44
15.21 53.27
25.09 78.22
83.39 95.10
58.45 54.37
19.46 21.95
73.14 29.12
58.89 19.38
39.19 99.41
46.61 25.53
96.65 89.31
74.71 81.08
8.73 17.37
0.90 15.11
82.46 57.41
43.45 35.73
11.14 45.13
26.59 83.24
74.67 76.48
94.80 97.06
61.90 51.05
32.89 29.25
55.56 51.49
81.75 80.74
30.72 13.76
14.48 21.89
69.60 7.62
83.88 72.20
97.17 34.75
62.41 43.33
13.29 51.16
69.67 27.48
74.88 87.19
75.38 29.64
94.15 45.52
59.33 86.41
28.60 29.61
93.61 62.14
79.82 65.46
12.86 2.36
34.19 55.80
68.14 79.86
35.79 95.53
58.17 36.82
18.38 74.05
64.35 43.47
42.59 6.38
16.83 84.20
31.54 11.08
24.29 23.56
79.83 69.39
6.57 81.32
91.44 95.85
7.62 51.33
73.66 21.43
88.28 19.37
52.50 78.23
62.08 50.87
64.16 85.60
48.78 4.48
91.11 33.26
24.59 71.97
60.37 47.05
74.56 44.35
43.19 20.59
58.10 39.84
21.57 56.61
12.48 59.32
47.70 82.13
32.92 92.51
51.22 39.96
76.68 53.00
2.10 89.47
42.67 15.49
55.06 35.69
78.66 16.78
93.07 42.54
38.22 40.61
36.79 91.23
82.81 87.77
72.59 49.23
42.32 98.79
45.31 71.20
81.36 86.72
67.46 36.00
44.77 83.22
48.82 91.64
2.10 87.28
61.77 82.11
31.14 67.39
77.17 95.15
99.73 41.80
36.68 92.46
99.81 84.66
87.13 85.76
54.97 68.58
69.98 74.53
55.70 7.02
79.74 49.77
2.96 61.50
43.97 68.00
7.28 37.72
90.82 55.86
11.30 84.48
89.77 94.98
91.10 18.48
79.22 81.74
37.44 0.21
25.51 98.31
7.88 97.23
16.02 5.17
22.05 12.72
25.98 22.93
20.56 47.82
54.83 5.73
67.99 14.95
88.54 6.90
82.73 71.01
92.59 9.67
7.94 75.26
59.60 36.53
6.35 5.45
49.28 39.13
14.81 6.37
11.49 54.67
35.09 90.86
31.92 4.42
26.84 32.29
65.50 40.85
8.30 8.86
51.52 80.59
65.69 56.26
56.33 74.43
89.10 83.56
90.76 77.68
28.10 40.76
75.39 11.48
3.82 84.46
39.85 74.83
68.67 85.13
99.38 26.28
47.52 54.74
80.59 93.27
27.82 54.49
96.71 13.48
68.66 62.01
67.50 78.48
94.08 23.74
64.81 99.33
82.04 54.11
97.92 5.41
76.94 23.63
3.34 63.29
89.71 15.27
37.12 76.88
47.98 58.41
67.69 43.74
96.22 66.28
41.68 95.20
6.55 81.00
5.74 0.57
20.86 3.37
8.44 22.61
37.67 85.63
89.42 72.31
41.45 59.36
78.30 33.96
77.19 39.59
12.14 50.02
95.32 70.50
65.81 14.93
44.49 25.24
42.19 67.54
7.37 72.60
80.23 52.68
25.76 27.01
78.85 55.56
10.67 83.19
47.12 44.51
92.52 3.57
73.12 15.48
86.31 37.65
38.66 38.27
26.24 66.12
79.23 87.05
62.73 87.60
85.51 70.98
59.15 42.04
34.30 99.37
4.98 84.03
7.23 28.64
11.81 26.97
53.57 24.42
12.46 46.00
57.94 91.49
17.63 68.63
13.62 77.59
5.23 54.86
81.11 28.47
11.46 56.04
26.29 46.92
91.67 27.50
83.83 56.67
97.75 53.51
54.65 11.38
75.00 94.50
0.18 50.95
6.23 0.51
6.21 96.06
24.97 27.29
72.94 24.51
63.98 71.42
66.50 27.14
9.39 67.28
24.02 97.74
69.96 59.07
37.44 48.56
12.22 46.57
13.55 19.67
98.31 5.04
8.47 24.37
78.68 62.24
95.02 68.76
15.79 10.87
74.77 54.66
86.72 81.19
50.11 59.82
75.38 19.83
6.79 1.76
19.77 20.48
17.68 53.05
79.42 51.42
28.28 83.46
29.47 37.04
18.77 26.80
2.39 73.18
3.70 43.71
56.20 38.60
84.61 39.39
29.19 89.93
44.57 93.93
67.55 58.40
32.19 47.82
3.10 99.53
96.82 32.69
34.99 59.15
75.82 42.31
56.68 14.87
0.34 22.34
50.51 63.77
38.10 65.25
97.21 55.66
45.67 50.68
15.92 39.87
36.13 11.34
26.06 67.47
45.90 75.89
23.51 3.86
19.74 37.20
10.81 63.91
46.88 41.43
37.16 88.49
73.38 75.81
75.92 26.21
30.48 13.48
25.74 24.04
70.46 32.17
58.28 61.60
3.01 77.99
51.82 17.62
66.48 37.36
5.20 4.46
54.73 58.06
72.81 20.16
55.59 49.22
32.18 75.25
63.74 98.23
30.89 72.19
61.26 13.30
22.05 99.51
67.31 35.97
14.15 24.67
68.85 31.07
45.89 99.41
95.41 98.32
23.68 18.50
29.78 34.12
42.51 98.35
60.75 16.58
58.48 89.08
19.16 20.86
46.43 60.47
61.90 65.10
88.43 48.83
22.73 25.56
20.86 55.63
80.73 55.26
3.25 2.09
5.47 43.40
59.01 41.24
84.72 82.65
26.43 66.77
36.52 38.10
77.25 4.15
23.13 47.13
86.43 68.68
78.45 90.52
77.13 47.67
24.54 11.33
36.70 25.95
89.16 53.15
95.16 21.16
48.57 83.41
51.74 95.23
18.59 60.74
97.98 10.44
60.12 25.16
99.87 1.98
0.46 58.93
15.02 46.11
93.93 62.08
30.26 30.86
36.80 35.57
75.18 51.99
89.03 23.28
78.64 27.60
51.63 62.41
49.24 51.72
40.20 69.75
46.80 21.52
98.58 85.68
7.46 29.92
63.17 56.03
19.40 33.55
20.54 5.17
91.30 40.12
6.49 45.87
48.61 75.97
52.45 67.29
14.38 60.79
47.03 79.67
97.33 58.28
35.66 18.02
5.43 6.16
29.91 67.44
66.78 16.32
11.68 67.75
5.88 87.40
61.17 45.05
73.69 22.02
62.66 96.49
12.35 45.14
41.03 93.01
99.01 58.54
25.25 64.90
7.70 28.80
37.83 90.71
44.72 72.01
87.13 35.49
41.91 22.57
21.26 60.32
93.68 50.77
7.05 36.19
52.51 94.58
95.32 38.70
22.30 95.61
66.63 7.50
38.84 48.88
43.63 3.64
18.51 34.34
8.77 44.32
36.34 1.97
80.31 26.92
85.06 13.61
36.33 86.72
28.59 35.13
37.61 4.20
3.23 84.50
99.94 27.29
94.04 44.24
77.68 28.45
55.27 38.02
11.06 39.87
70.46 26.70
61.36 76.21
33.28 74.70
1.29 82.55
2.46 6.93
46.50 37.10
90.33 64.06
59.97 18.31
29.93 74.37
15.89 69.29
43.00 18.42
91.98 18.17
17.13 89.24
75.58 81.24
12.79 15.39
23.53 67.02
56.41 52.48
27.75 30.17
20.56 95.50
31.93 45.51
0.88 58.67
4.69 83.44
53.74 17.34
8.26 65.32
63.31 3.04
32.23 39.94
33.50 32.27
0.98 65.92
82.88 4.52
72.25 49.20
72.26 89.74
82.74 75.11
43.94 36.60
71.36 75.67
24.59 40.00
74.65 54.99
68.34 4.81
8.58 88.44
35.03 7.45
7.20 55.45
16.36 20.91
53.44 10.06
17.52 69.72
1.67 59.17
84.65 2.03
33.39 24.68
39.84 5.38
12.09 74.69
26.90 94.55
76.09 33.17
29.56 80.91
8.15 43.77
64.14 83.26
89.43 41.70
90.30 79.89
93.07 65.55
56.09 2.91
44.68 72.69
75.56 75.86
81.96 54.26
89.70 71.13
78.74 71.32
43.74 75.54
51.35 72.21
89.50 56.70
40.61 55.08
18.70 56.60
46.15 27.35
4.87 17.58
1.35 49.03
67.38 42.51
32.84 36.88
81.16 56.36
60.09 14.91
13.39 62.34
6.99 93.84
22.41 15.14
4.80 95.53
58.43 86.75
1.64 76.94
61.10 56.36
6.49 94.89
7.39 10.03
62.37 87.03
44.71 19.42
15.72 76.66
12.71 43.82
47.04 11.54
21.56 52.14
37.10 29.96
48.06 87.22
21.50 63.26
30.30 3.00
47.53 72.00
97.80 97.97
52.29 49.96
94.67 4.96
28.50 25.45
6.75 34.36
23.11 49.09
63.90 83.44
95.79 78.11
76.86 35.20
70.45 24.20
98.26 73.72
46.54 4.06
38.10 77.12
89.07 13.06
25.74 22.21
79.34 46.07
84.66 74.55
57.67 58.12
40.37 85.33
59.59 60.19
14.79 62.51
96.33 5.50
52.16 25.49
72.56 50.42
31.18 69.32
61.51 24.70
81.02 60.77
35.81 60.29
61.80 29.27
66.56 17.83
8.54 69.54
52.46 82.35
26.57 59.96
73.68 42.95
92.33 36.26
82.72 98.21
59.86 45.66
25.51 48.20
53.95 49.18
95.62 9.65
52.14 41.53
16.72 75.30
16.60 0.87
37.03 78.07
9.78 99.29
49.24 96.19
43.82 56.48
5.19 56.53
37.36 55.34
47.09 11.17
23.36 44.29
27.84 72.12
34.97 25.63
31.14 98.18
12.01 39.17
85.11 2.19
21.66 89.05
47.56 71.58
91.84 84.92
76.56 26.55
94.09 76.73
18.55 73.93
39.84 22.16
42.78 57.07
1.36 86.98
76.69 16.45
23.31 61.65
28.40 62.65
87.37 71.39
35.00 77.12
45.02 43.47
4.91 72.59
71.51 27.83
78.74 99.46
90.88 94.25
80.25 24.26
89.26 88.49
35.06 76.03
7.26 15.98
23.27 46.84
25.60 20.53
0.64 8.38
36.45 49.80
20.85 15.19
14.89 63.55
83.06 90.30
62.46 41.16
35.62 39.66
38.87 71.74
83.65 76.53
17.40 40.76
61.55 19.49
0.30 41.12
25.97 93.98
47.92 11.59
85.79 11.58
26.09 47.01
21.21 48.98
65.34 8.88
10.32 83.07
90.44 30.02
78.38 0.21
20.41 90.11
54.63 37.11
68.50 77.26
65.66 67.13
75.56 33.15
36.04 0.15
92.68 18.08
54.29 89.80
26.94 9.24
97.88 83.20
63.58 76.48
61.96 31.84
59.40 91.79
12.70 38.63
99.59 97.86
8.41 12.51
64.48 21.21
19.64 82.09
83.77 26.84
99.79 64.65
41.53 84.82
26.27 95.75
86.98 98.94
71.46 28.84
81.24 28.75
42.27 69.04
8.30 90.67
94.88 93.86
85.73 55.49
23.72 5.97
5.64 46.71
60.15 4.73
68.80 70.24
64.98 42.43
49.21 90.74
32.80 44.11
76.13 31.53
25.40 83.71
22.78 61.26
92.00 17.31
97.99 89.78
55.58 73.09
67.75 1.39
48.39 96.06
44.27 31.92
66.11 31.92
71.61 26.12
29.35 43.24
90.05 20.88
76.97 69.12
46.53 63.25
8.48 63.38
4.32 35.10
79.85 80.50
64.80 83.31
65.91 68.60
55.90 70.99
14.12 71.91
16.54 27.40
19.42 66.28
47.60 12.54
85.47 57.88
47.38 10.72
17.28 15.88
19.22 70.38
31.07 35.69
62.82 69.79
25.06 27.64
35.88 0.18
13.36 49.20
37.72 10.10
80.65 5.74
51.44 64.01
25.60 86.35
94.32 8.52
3.92 4.95
72.07 12.74
19.54 28.12
74.18 87.26
25.39 10.09
54.02 33.46
53.09 79.51
75.39 51.71
91.71 13.34
64.92 56.32
35.20 45.47
79.49 21.02
59.57 19.92
45.26 17.49
16.77 30.27
87.32 83.67
87.99 65.59
69.05 82.42
15.77 9.08
48.74 8.42
65.58 7.19
40.48 97.97
17.64 73.57
48.42 78.51
58.75 64.74
64.18 8.22
36.11 99.13
99.87 91.56
52.84 95.02
60.52 48.20
71.31 57.50
84.69 54.46
0.10 2.44
25.96 32.02
57.56 93.17
49.06 36.14
20.00 20.41
88.31 73.02
70.37 82.06
98.23 14.13
83.26 28.77
81.20 15.70
71.88 11.62
3.50 23.25
52.27 50.49
44.13 40.58
98.80 85.49
83.17 24.53
0.35 88.47
41.37 89.24
32.07 97.42
89.76 54.90
29.39 29.45
11.30 58.87
96.71 61.02
29.19 86.43
42.05 19.37
58.58 61.03
26.50 44.76
75.57 42.54
62.16 30.22
81.06 16.01
18.03 86.95
63.64 6.52
81.95 56.45
68.92 87.75
71.16 44.46
93.62 70.59
56.54 95.63
86.45 23.57
4.62 46.94
25.37 26.16
72.45 24.28
39.53 12.03
28.16 53.72
71.96 48.35
35.67 99.95
27.05 64.45
64.40 47.71
22.79 3.86
37.73 38.45
96.36 32.17
98.53 69.36
37.69 27.07
20.57 24.08
87.25 73.87
63.51 36.04
67.14 91.66
1.35 62.59
12.97 96.98
52.19 89.09
25.54 66.26
85.16 0.49
39.86 47.69
14.61 8.33
94.20 93.97
49.06 6.54
90.11 21.92
7.47 18.68
17.51 15.69
39.12 36.58
25.87 14.14
37.46 25.76
43.63 76.53
49.53 68.89
84.58 34.37
74.04 23.32
15.93 24.70
99.31 99.32
55.01 74.94
40.98 54.97
0.95 62.25
14.37 45.35
52.61 71.96
48.30 36.45
90.36 49.79
60.56 83.48
52.38 3.68
73.65 66.55
11.24 7.98
79.54 56.96
80.74 82.67
29.59 90.50
52.37 31.01
94.08 4.38
71.05 4.11
89.36 37.44
0.37 54.66
27.79 38.69
51.98 53.83
43.54 67.54
8.14 29.28
1.35 94.58
30.43 44.11
31.69 57.27
13.85 82.81
41.54 87.05
9.44 97.17
52.44 26.05
72.17 99.10
60.63 26.47
76.38 98.28
80.82 45.02
67.62 80.95
22.89 60.49
22.61 77.93
56.79 21.86
77.32 63.94
32.87 59.60
93.71 43.21
48.38 87.92
69.12 25.46
30.89 19.92
14.35 95.69
53.73 84.09
53.04 52.90
20.70 67.60
7.47 29.80
66.25 30.28
67.65 80.29
92.77 79.15
10.15 54.91
23.92 22.91
92.07 82.55
8.18 78.05
29.90 47.53
64.52 14.54
43.37 46.51
72.82 57.74
7.78 5.35
7.78 25.13
89.62 60.73
46.03 77.25
94.18 86.41
7.06 49.73
40.62 72.01
73.71 96.33
32.27 69.15
82.69 90.96
35.40 30.85
72.88 86.90
28.84 39.16
87.34 41.83
22.99 69.81
41.60 7.62
2.29 79.89
62.43 41.06
55.62 77.32
58.13 90.83
11.43 96.46
36.43 68.90
61.67 9.69
50.34 43.35
15.69 10.33
57.30 32.53
51.61 63.47
71.93 21.90
48.00 18.52
80.29 95.87
93.59 41.47
5.69 66.57
44.25 3.06
46.68 81.25
13.61 97.68
67.45 28.70
12.71 4.69
71.60 22.15
50.80 14.73
93.02 3.64
39.43 35.17
9.26 64.43
90.63 23.55
5.60 14.95
32.45 78.81
62.29 64.77
97.20 92.61
79.01 49.67
37.72 12.80
13.48 30.62
42.26 4.85
0.26 66.03
47.89 51.23
81.91 88.85
59.92 4.16
7.92 39.32
72.31 27.00
78.83 49.52
68.59 2.05
88.33 61.06
56.57 83.28
16.50 30.37
51.84 1.82
40.39 89.15
74.14 59.49
83.55 70.36
63.82 54.93
10.15 49.12
87.66 69.62
38.62 85.05
54.84 1.00
95.98 45.60
83.22 91.06
13.66 78.03
62.21 88.15
32.05 13.50
72.75 3.29
70.22 84.14
23.52 21.85
11.56 81.43
32.94 14.88
60.24 0.96
33.87 13.77
66.90 79.89
17.83 14.00
75.14 87.94
81.11 35.59
12.76 2.41
3.79 17.99
15.24 61.66
5.04 80.90
62.63 91.96
88.04 49.65
53.77 92.72
15.89 32.55
1.59 93.40
33.78 31.87
95.01 2.68
28.28 86.97
44.99 89.20
11.54 8.22
5.28 15.95
17.03 86.32
42.30 98.47
53.62 29.10
62.52 67.57
78.34 38.89
85.18 50.74
10.24 87.83
40.28 65.22
82.30 53.88
55.96 88.60
59.38 52.80
12.08 28.97
92.36 20.58
79.54 7.42
35.91 74.53
31.32 72.60
57.54 95.93
49.94 1.69
6.98 58.43
44.47 81.09
73.56 81.15
59.72 83.54
49.67 26.24
36.77 2.01
42.20 59.71
83.74 25.83
34.44 40.05
12.84 75.38
38.72 91.52
12.86 57.71
8.54 90.54
4.81 73.58
1.04 42.77
21.04 19.67
62.72 53.08
56.88 69.13
28.43 45.68
43.45 76.82
40.04 14.50
31.50 57.41
83.55 7.76
39.86 1.89
23.49 27.29
86.76 32.04
66.25 25.67
61.47 9.32
19.69 53.35
87.57 87.43
90.64 11.23
17.94 3.06
15.70 52.42
1.73 42.56
69.41 18.14
9.16 3.55
88.70 97.29
49.18 56.29
52.10 14.79
22.85 73.15
62.28 57.06
79.83 47.52
0.89 56.74
34.79 55.90
32.70 17.32
33.80 2.46
9.46 90.87
74.56 85.62
19.36 45.32
20.43 36.46
85.66 21.85
1.91 75.50
34.96 7.19
65.39 70.66
39.20 38.59
12.18 69.80
52.95 29.68
66.67 99.11
82.39 18.29
1.00 0.24
56.62 43.51
26.32 32.56
67.22 83.51
36.24 14.30
64.62 23.53
63.18 82.72
97.16 78.99
6.60 77.75
62.89 80.26
31.13 23.83
85.21 94.63
98.55 84.30
43.33 53.52
64.25 93.11
12.97 94.92
40.43 80.25
16.96 6.23
49.52 26.88
88.02 63.85
50.07 19.27
10.21 75.19
74.52 42.63
26.37 38.51
62.52 34.37
31.33 48.52
30.59 0.38
25.79 28.56
98.03 21.38
16.71 21.82
7.96 77.15
73.48 8.00
77.10 72.84
8.32 15.41
9.78 59.69
36.58 59.11
26.64 47.03
40.67 13.81
1.69 27.79
71.01 99.95
1.39 48.14
63.71 86.20
29.82 38.39
58.22 13.30
44.67 57.33
2.01 65.45
6.66 17.61
99.57 92.61
19.34 48.88
69.19 55.82
26.17 28.72
70.95 27.37
13.82 58.61
48.72 39.58
81.02 20.83
77.07 81.58
17.52 19.40
74.18 1.99
20.52 25.34
53.85 3.24
27.16 29.93
43.44 87.36
46.48 49.89
93.07 94.10
97.49 57.13
14.10 23.39
23.02 94.54
85.95 29.04
65.43 29.30
20.46 55.20
93.44 93.69
71.21 74.99
26.18 38.37
53.17 58.70
38.04 31.07
23.49 69.63
40.51 89.08
18.89 11.64
83.07 19.77
55.61 92.90
57.05 3.69
81.67 79.81
35.42 95.94
49.67 29.06
56.28 3.87
23.57 64.54
37.50 34.48
10.32 55.89
95.68 44.13
75.45 4.91
64.56 73.75
25.40 90.03
45.72 96.00
74.91 76.52
61.25 84.24
76.73 57.86
85.22 62.07
4.94 57.81
44.39 52.99
47.62 51.24
63.19 35.65
82.46 10.33
6.87 59.61
17.62 59.95
76.13 67.16
62.28 86.76
82.51 40.15
92.64 10.67
42.26 19.39
37.29 75.31
86.29 9.61
73.56 23.82
64.09 3.88
54.75 20.86
93.55 41.05
21.59 63.85
73.41 79.85
47.27 69.45
90.30 46.43
97.84 98.26
38.27 5.33
16.51 34.91
93.80 61.93
99.54 18.47
21.21 16.09
19.85 39.59
67.88 35.09
97.15 77.16
88.46 10.12
27.70 12.61
83.24 79.96
52.27 81.51
25.82 83.33
6.98 34.76
51.13 86.60
36.73 72.59
37.39 49.10
33.04 61.71
0.34 56.83
37.17 82.98
37.81 89.71
94.66 30.50
55.25 3.84
37.75 76.08
87.66 89.99
42.56 3.73
38.47 70.43
32.29 78.06
55.67 52.21
15.71 80.60
30.84 73.86
58.20 53.22
80.15 51.60
24.14 61.26
88.56 77.18
0.02 1.32
87.40 49.18
86.24 79.31
94.14 83.37
80.42 90.30
77.55 29.75
77.91 8.02
70.50 75.02
34.40 21.69
92.70 28.69
1.01 1.23
76.81 32.96
16.92 23.71
79.96 64.35
35.48 86.52
83.41 41.30
2.15 79.37
92.09 85.56
28.50 83.23
64.01 61.60
17.76 50.95
40.22 76.28
23.36 46.52
80.50 96.25
64.03 12.64
82.75 79.49
69.97 2.75
94.08 93.77
19.01 90.84
42.32 7.57
23.35 64.32
96.94 96.28
47.40 34.66
66.46 25.73
36.89 58.56
73.13 56.83
1.05 59.66
96.37 3.07
41.84 1.80
39.68 21.99
8.15 76.40
3.35 79.97
68.65 86.71
4.10 26.44
52.00 47.93
2.23 47.52
34.25 89.46
26.23 4.97
17.62 30.24
26.69 56.66
26.54 15.56
17.23 14.24
93.52 73.95
83.20 5.66
43.75 57.06
47.59 7.85
26.43 52.43
71.98 39.32
57.84 72.94
91.81 72.41
33.49 15.10
26.30 63.56
11.50 92.31
