# 400 cities, mode=random, seed=1
51.18 95.05
14.42 94.86
31.18 42.33
82.77 40.92
54.96 2.76
75.35 53.81
32.97 78.84
30.32 45.35
13.40 40.31
20.35 26.23
75.04 28.04
48.52 98.07
96.17 72.48
54.12 27.69
16.07 96.99
51.61 11.59
62.35 77.67
61.30 91.73
3.96 52.86
45.93 6.23
64.13 85.26
59.29 26.01
83.99 50.95
51.09 75.30
14.79 81.96
68.33 78.71
19.16 80.24
19.13 8.16
85.52 86.13
87.65 47.19
27.40 0.71
64.57 71.99
83.56 28.19
21.52 63.93
80.51 96.37
15.05 48.22
89.47 42.27
58.95 2.45
67.35 91.91
82.68 88.55
66.04 24.56
76.85 21.17
83.13 6.27
82.55 16.45
37.51 31.67
69.13 17.86
39.63 0.58
26.25 42.12
10.59 63.32
38.04 72.53
65.39 43.12
86.73 63.21
81.03 34.18
54.37 19.63
99.61 24.32
25.69 7.32
25.78 76.31
69.79 12.87
37.62 42.09
66.50 45.59
58.65 83.97
72.65 36.50
44.84 36.77
10.97 20.32
28.38 31.41
31.30 57.67
97.17 77.47
79.11 75.93
59.70 91.77
68.96 50.04
7.71 48.84
21.28 13.27
50.61 78.51
29.50 76.88
52.56 14.90
96.50 40.16
29.52 84.70
12.45 73.36
18.78 39.25
23.19 84.12
39.01 97.47
62.53 69.36
52.15 30.90
39.56 94.09
20.12 98.82
75.83 35.98
64.15 38.10
38.15 50.38
1.67 49.36
97.16 28.55
74.82 44.28
20.93 90.50
1.68 30.35
99.90 26.21
84.90 60.57
80.60 63.03
36.27 76.08
2.65 44.68
37.19 47.71
12.76 22.25
56.21 38.78
79.17 60.51
86.13 73.24
60.18 28.76
78.28 25.13
7.52 96.29
54.00 77.39
52.92 61.16
3.39 18.68
67.47 57.06
15.86 95.20
15.44 51.03
14.40 71.74
27.63 13.41
4.60 17.48
19.18 53.70
45.10 95.73
95.42 79.65
67.16 84.50
93.88 2.26
11.81 36.03
9.36 59.95
26.04 26.43
28.83 9.77
74.09 65.07
60.65 3.40
42.95 68.52
15.63 38.57
1.98 8.19
21.65 41.47
46.32 88.45
31.67 2.15
82.62 6.18
9.30 96.32
75.34 33.79
13.22 38.67
33.92 87.44
41.88 8.20
92.68 62.23
11.67 11.32
46.59 9.21
63.18 61.64
3.21 80.74
78.68 91.53
67.03 69.29
16.37 2.39
6.56 96.45
64.57 94.69
34.94 75.52
6.54 16.62
27.71 55.03
55.74 49.90
42.45 57.57
96.67 45.81
83.75 5.59
38.56 56.05
62.03 25.00
39.93 94.70
64.89 58.50
6.53 5.22
21.14 13.78
98.37 0.27
36.58 5.84
64.00 4.65
6.84 7.99
27.18 57.64
80.54 26.72
28.32 82.45
74.59 12.68
80.63 83.13
17.78 62.69
19.67 24.35
49.40 52.22
47.90 54.11
21.32 77.86
27.78 91.27
51.52 30.37
17.44 48.52
37.63 62.31
49.85 3.70
83.31 5.17
82.76 81.27
92.40 66.44
16.06 44.19
43.94 63.23
38.11 67.57
20.39 35.34
54.33 42.77
12.25 96.58
69.13 83.30
35.75 94.49
81.24 97.95
19.74 47.72
38.58 61.39
25.02 10.05
47.66 63.95
38.40 98.74
40.60 29.98
81.39 46.67
27.32 28.65
94.72 96.17
64.62 27.88
71.14 21.68
32.21 54.17
40.11 35.10
97.41 17.02
61.38 3.85
9.17 21.00
99.17 72.64
86.80 4.95
68.14 43.99
41.64 70.83
30.83 51.35
26.07 39.14
53.33 15.79
27.62 42.04
47.27 80.00
64.30 56.25
86.99 19.73
10.41 39.37
13.72 55.60
57.36 13.16
71.61 55.65
42.32 91.75
85.59 22.10
16.66 91.55
15.73 75.72
31.25 36.12
55.37 92.60
0.21 16.23
72.02 39.45
28.78 96.29
26.40 71.42
96.42 76.28
70.94 72.32
80.52 27.12
62.67 80.29
88.82 90.58
90.39 9.76
37.64 45.64
89.17 41.93
26.49 1.99
28.88 78.07
2.02 16.50
31.10 53.20
36.30 88.26
20.75 56.16
77.78 92.96
87.35 13.55
79.18 67.53
42.16 2.56
16.80 74.95
8.40 31.26
25.52 74.61
35.91 8.72
37.04 32.68
71.70 32.01
69.36 53.86
88.77 73.34
40.79 48.49
47.14 87.17
13.80 42.42
53.49 43.62
59.80 49.88
41.37 68.68
32.93 60.69
72.86 13.06
32.65 94.47
96.60 99.24
4.25 82.65
93.53 90.19
71.49 67.56
71.96 57.49
78.84 50.19
22.59 9.43
90.83 75.49
17.72 82.25
30.03 63.57
35.62 21.42
17.56 7.10
7.44 6.91
8.99 83.40
51.78 12.86
52.50 54.26
49.66 20.65
43.44 87.09
38.37 50.40
93.02 23.28
72.55 48.38
78.74 35.97
54.24 36.83
86.61 91.48
63.18 98.10
73.21 83.04
89.47 27.19
98.67 39.04
49.72 18.03
82.15 33.69
68.93 21.84
35.14 38.42
23.66 3.51
77.02 95.04
22.62 16.27
34.76 8.28
64.97 36.86
56.25 90.58
86.16 92.17
93.51 58.98
50.23 3.76
10.24 52.39
85.60 43.26
0.37 21.23
76.00 15.84
19.96 28.55
60.93 83.64
21.89 59.95
52.99 44.49
58.04 81.41
21.75 49.72
9.79 51.32
79.10 99.86
47.57 29.66
57.95 37.18
11.70 52.45
79.91 89.11
97.81 36.77
25.17 11.08
43.62 80.70
23.46 84.96
71.17 20.09
63.18 81.97
93.29 16.22
82.20 77.58
24.37 29.46
95.71 36.20
28.90 72.00
13.29 48.32
35.81 54.40
60.33 64.01
43.24 88.69
83.57 93.34
44.59 73.01
43.07 27.88
65.19 94.60
80.43 28.52
22.81 77.16
70.51 86.36
14.64 86.17
43.26 27.33
34.32 99.35
95.60 8.37
31.52 71.96
3.53 3.59
4.49 86.84
33.37 31.87
79.33 31.86
73.84 36.93
29.75 38.72
16.80 7.50
87.12 86.84
46.08 68.84
86.26 39.07
71.18 75.48
7.81 13.82
75.03 70.56
18.53 82.67
80.09 33.27
34.03 11.06
44.55 10.98
54.34 62.46
58.19 7.16
62.17 75.22
14.19 59.51
81.91 19.36
91.34 97.19
71.16 87.20
27.18 66.50
92.61 4.47
82.08 23.69
80.11 64.24
80.15 40.10
45.02 92.43
7.12 15.62
97.28 91.33
14.69 97.35
26.55 89.21
90.48 2.37
0.97 32.70
93.12 79.13
38.69 85.80
30.76 34.74
19.05 95.96
80.36 46.24
26.43 96.60
39.68 21.07
42.47 71.91
77.07 10.90
94.59 67.46
6.25 83.74
97.19 83.77
