# 150 cities, mode=random, seed=1
51.18 95.05
14.42 94.86
31.18 42.33
82.77 40.92
54.96 2.76
75.35 53.81
32.97 78.84
30.32 45.35
13.40 40.31
20.35 26.23
75.04 28.04
48.52 98.07
96.17 72.48
54.12 27.69
16.07 96.99
51.61 11.59
62.35 77.67
61.30 91.73
3.96 52.86
45.93 6.23
64.13 85.26
59.29 26.01
83.99 50.95
51.09 75.30
14.79 81.96
68.33 78.71
19.16 80.24
19.13 8.16
85.52 86.13
87.65 47.19
27.40 0.71
64.57 71.99
83.56 28.19
21.52 63.93
80.51 96.37
15.05 48.22
89.47 42.27
58.95 2.45
67.35 91.91
82.68 88.55
66.04 24.56
76.85 21.17
83.13 6.27
82.55 16.45
37.51 31.67
69.13 17.86
39.63 0.58
26.25 42.12
10.59 63.32
38.04 72.53
65.39 43.12
86.73 63.21
81.03 34.18
54.37 19.63
99.61 24.32
25.69 7.32
25.78 76.31
69.79 12.87
37.62 42.09
66.50 45.59
58.65 83.97
72.65 36.50
44.84 36.77
10.97 20.32
28.38 31.41
31.30 57.67
97.17 77.47
79.11 75.93
59.70 91.77
68.96 50.04
7.71 48.84
21.28 13.27
50.61 78.51
29.50 76.88
52.56 14.90
96.50 40.16
29.52 84.70
12.45 73.36
18.78 39.25
23.19 84.12
39.01 97.47
62.53 69.36
52.15 30.90
39.56 94.09
20.12 98.82
75.83 35.98
64.15 38.10
38.15 50.38
1.67 49.36
97.16 28.55
74.82 44.28
20.93 90.50
1.68 30.35
99.90 26.21
84.90 60.57
80.60 63.03
36.27 76.08
2.65 44.68
37.19 47.71
12.76 22.25
56.21 38.78
79.17 60.51
86.13 73.24
60.18 28.76
78.28 25.13
7.52 96.29
54.00 77.39
52.92 61.16
3.39 18.68
67.47 57.06
15.86 95.20
15.44 51.03
14.40 71.74
27.63 13.41
4.60 17.48
19.18 53.70
45.10 95.73
95.42 79.65
67.16 84.50
93.88 2.26
11.81 36.03
9.36 59.95
26.04 26.43
28.83 9.77
74.09 65.07
60.65 3.40
42.95 68.52
15.63 38.57
1.98 8.19
21.65 41.47
46.32 88.45
31.67 2.15
82.62 6.18
9.30 96.32
75.34 33.79
13.22 38.67
33.92 87.44
41.88 8.20
92.68 62.23
11.67 11.32
46.59 9.21
63.18 61.64
3.21 80.74
78.68 91.53
67.03 69.29
16.37 2.39
6.56 96.45
64.57 94.69
34.94 75.52
6.54 16.62
