# 1000 cities, mode=random, seed=1
51.18 95.05
14.42 94.86
31.18 42.33
82.77 40.92
54.96 2.76
75.35 53.81
32.97 78.84
30.32 45.35
13.40 40.31
20.35 26.23
75.04 28.04
48.52 98.07
96.17 72.48
54.12 27.69
16.07 96.99
51.61 11.59
62.35 77.67
61.30 91.73
3.96 52.86
45.93 6.23
64.13 85.26
59.29 26.01
83.99 50.95
51.09 75.30
14.79 81.96
68.33 78.71
19.16 80.24
19.13 8.16
85.52 86.13
87.65 47.19
27.40 0.71
64.57 71.99
83.56 28.19
21.52 63.93
80.51 96.37
15.05 48.22
89.47 42.27
58.95 2.45
67.35 91.91
82.68 88.55
66.04 24.56
76.85 21.17
83.13 6.27
82.55 16.45
37.51 31.67
69.13 17.86
39.63 0.58
26.25 42.12
10.59 63.32
38.04 72.53
65.39 43.12
86.73 63.21
81.03 34.18
54.37 19.63
99.61 24.32
25.69 7.32
25.78 76.31
69.79 12.87
37.62 42.09
66.50 45.59
58.65 83.97
72.65 36.50
44.84 36.77
10.97 20.32
28.38 31.41
31.30 57.67
97.17 77.47
79.11 75.93
59.70 91.77
68.96 50.04
7.71 48.84
21.28 13.27
50.61 78.51
29.50 76.88
52.56 14.90
96.50 40.16
29.52 84.70
12.45 73.36
18.78 39.25
23.19 84.12
39.01 97.47
62.53 69.36
52.15 30.90
39.56 94.09
20.12 98.82
75.83 35.98
64.15 38.10
38.15 50.38
1.67 49.36
97.16 28.55
74.82 44.28
20.93 90.50
1.68 30.35
99.90 26.21
84.90 60.57
80.60 63.03
36.27 76.08
2.65 44.68
37.19 47.71
12.76 22.25
56.21 38.78
79.17 60.51
86.13 73.24
60.18 28.76
78.28 25.13
7.52 96.29
54.00 77.39
52.92 61.16
3.39 18.68
67.47 57.06
15.86 95.20
15.44 51.03
14.40 71.74
27.63 13.41
4.60 17.48
19.18 53.70
45.10 95.73
95.42 79.65
67.16 84.50
93.88 2.26
11.81 36.03
9.36 59.95
26.04 26.43
28.83 9.77
74.09 65.07
60.65 3.40
42.95 68.52
15.63 38.57
1.98 8.19
21.65 41.47
46.32 88.45
31.67 2.15
82.62 6.18
9.30 96.32
75.34 33.79
13.22 38.67
33.92 87.44
41.88 8.20
92.68 62.23
11.67 11.32
46.59 9.21
63.18 61.64
3.21 80.74
78.68 91.53
67.03 69.29
16.37 2.39
6.56 96.45
64.57 94.69
34.94 75.52
6.54 16.62
27.71 55.03
55.74 49.90
42.45 57.57
96.67 45.81
83.75 5.59
38.56 56.05
62.03 25.00
39.93 94.70
64.89 58.50
6.53 5.22
21.14 13.78
98.37 0.27
36.58 5.84
64.00 4.65
6.84 7.99
27.18 57.64
80.54 26.72
28.32 82.45
74.59 12.68
80.63 83.13
17.78 62.69
19.67 24.35
49.40 52.22
47.90 54.11
21.32 77.86
27.78 91.27
51.52 30.37
17.44 48.52
37.63 62.31
49.85 3.70
83.31 5.17
82.76 81.27
92.40 66.44
16.06 44.19
43.94 63.23
38.11 67.57
20.39 35.34
54.33 42.77
12.25 96.58
69.13 83.30
35.75 94.49
81.24 97.95
19.74 47.72
38.58 61.39
25.02 10.05
47.66 63.95
38.40 98.74
40.60 29.98
81.39 46.67
27.32 28.65
94.72 96.17
64.62 27.88
71.14 21.68
32.21 54.17
40.11 35.10
97.41 17.02
61.38 3.85
9.17 21.00
99.17 72.64
86.80 4.95
68.14 43.99
41.64 70.83
30.83 51.35
26.07 39.14
53.33 15.79
27.62 42.04
47.27 80.00
64.30 56.25
86.99 19.73
10.41 39.37
13.72 55.60
57.36 13.16
71.61 55.65
42.32 91.75
85.59 22.10
16.66 91.55
15.73 75.72
31.25 36.12
55.37 92.60
0.21 16.23
72.02 39.45
28.78 96.29
26.40 71.42
96.42 76.28
70.94 72.32
80.52 27.12
62.67 80.29
88.82 90.58
90.39 9.76
37.64 45.64
89.17 41.93
26.49 1.99
28.88 78.07
2.02 16.50
31.10 53.20
36.30 88.26
20.75 56.16
77.78 92.96
87.35 13.55
79.18 67.53
42.16 2.56
16.80 74.95
8.40 31.26
25.52 74.61
35.91 8.72
37.04 32.68
71.70 32.01
69.36 53.86
88.77 73.34
40.79 48.49
47.14 87.17
13.80 42.42
53.49 43.62
59.80 49.88
41.37 68.68
32.93 60.69
72.86 13.06
32.65 94.47
96.60 99.24
4.25 82.65
93.53 90.19
71.49 67.56
71.96 57.49
78.84 50.19
22.59 9.43
90.83 75.49
17.72 82.25
30.03 63.57
35.62 21.42
17.56 7.10
7.44 6.91
8.99 83.40
51.78 12.86
52.50 54.26
49.66 20.65
43.44 87.09
38.37 50.40
93.02 23.28
72.55 48.38
78.74 35.97
54.24 36.83
86.61 91.48
63.18 98.10
73.21 83.04
89.47 27.19
98.67 39.04
49.72 18.03
82.15 33.69
68.93 21.84
35.14 38.42
23.66 3.51
77.02 95.04
22.62 16.27
34.76 8.28
64.97 36.86
56.25 90.58
86.16 92.17
93.51 58.98
50.23 3.76
10.24 52.39
85.60 43.26
0.37 21.23
76.00 15.84
19.96 28.55
60.93 83.64
21.89 59.95
52.99 44.49
58.04 81.41
21.75 49.72
9.79 51.32
79.10 99.86
47.57 29.66
57.95 37.18
11.70 52.45
79.91 89.11
97.81 36.77
25.17 11.08
43.62 80.70
23.46 84.96
71.17 20.09
63.18 81.97
93.29 16.22
82.20 77.58
24.37 29.46
95.71 36.20
28.90 72.00
13.29 48.32
35.81 54.40
60.33 64.01
43.24 88.69
83.57 93.34
44.59 73.01
43.07 27.88
65.19 94.60
80.43 28.52
22.81 77.16
70.51 86.36
14.64 86.17
43.26 27.33
34.32 99.35
95.60 8.37
31.52 71.96
3.53 3.59
4.49 86.84
33.37 31.87
79.33 31.86
73.84 36.93
29.75 38.72
16.80 7.50
87.12 86.84
46.08 68.84
86.26 39.07
71.18 75.48
7.81 13.82
75.03 70.56
18.53 82.67
80.09 33.27
34.03 11.06
44.55 10.98
54.34 62.46
58.19 7.16
62.17 75.22
14.19 59.51
81.91 19.36
91.34 97.19
71.16 87.20
27.18 66.50
92.61 4.47
82.08 23.69
80.11 64.24
80.15 40.10
45.02 92.43
7.12 15.62
97.28 91.33
14.69 97.35
26.55 89.21
90.48 2.37
0.97 32.70
93.12 79.13
38.69 85.80
30.76 34.74
19.05 95.96
80.36 46.24
26.43 96.60
39.68 21.07
42.47 71.91
77.07 10.90
94.59 67.46
6.25 83.74
97.19 83.77
0.98 47.31
58.92 88.80
50.28 7.73
93.35 95.17
48.62 5.34
83.89 74.17
97.12 0.73
43.55 28.38
10.77 73.51
34.12 3.90
13.36 80.60
60.59 21.51
69.60 13.04
67.32 65.50
0.55 51.15
72.63 75.85
70.57 88.50
75.62 92.20
41.48 3.42
18.10 28.78
4.18 10.82
51.88 25.25
28.55 74.15
85.47 86.20
37.06 70.96
85.23 15.10
20.06 64.80
26.56 19.27
36.75 1.60
43.83 4.73
24.47 21.75
32.94 12.54
47.12 68.79
33.89 92.72
85.98 30.60
3.89 76.82
24.00 33.22
57.93 99.89
29.97 46.85
62.75 68.34
21.22 59.53
54.41 65.86
11.50 12.63
97.55 82.13
82.76 93.41
96.06 39.35
75.41 64.16
55.99 67.93
31.94 86.22
40.70 14.82
1.10 63.92
23.16 95.61
19.50 31.62
98.41 51.99
92.20 78.14
11.90 21.60
38.72 88.10
33.40 46.31
48.08 32.48
78.65 5.48
22.59 82.51
61.63 51.18
36.95 13.01
45.68 98.71
59.51 57.66
99.01 88.54
99.92 95.36
66.75 30.53
62.81 34.82
81.08 13.73
46.25 84.08
45.45 60.10
9.83 28.51
95.45 65.69
36.49 51.69
77.49 78.75
82.80 28.96
23.83 63.85
52.72 56.49
21.46 31.86
75.21 35.83
75.75 4.66
95.09 20.81
47.82 92.09
25.35 22.74
98.56 90.44
53.22 6.10
60.47 25.16
21.40 93.21
61.94 44.40
6.27 37.16
86.40 30.27
32.28 60.69
25.21 55.69
76.87 28.67
47.28 57.63
36.33 22.36
11.44 56.55
93.74 1.88
86.57 96.25
54.23 96.79
70.48 54.52
46.37 46.64
68.20 23.45
71.54 49.10
67.47 94.09
23.35 40.32
27.52 5.27
62.21 62.85
99.94 60.10
39.61 90.12
1.54 30.27
75.19 16.15
36.12 84.91
34.47 24.30
89.06 7.74
85.67 31.54
20.78 48.79
48.34 96.47
75.25 46.01
55.94 31.84
98.27 38.59
88.57 65.61
91.61 35.46
41.67 36.93
82.70 95.31
82.46 45.14
82.91 73.02
51.91 18.35
23.79 70.38
19.87 56.03
80.42 65.39
60.98 25.77
11.99 3.39
4.63 23.18
55.77 42.37
20.41 30.27
46.13 79.89
65.59 4.09
48.15 18.60
85.48 88.49
55.47 73.64
68.68 81.68
27.88 22.93
74.63 95.91
22.98 56.78
54.42 37.36
75.02 13.18
37.18 43.11
95.30 68.43
71.10 99.98
22.68 60.35
10.77 16.25
69.61 82.60
63.58 57.98
79.06 95.62
92.55 80.88
43.21 76.63
23.38 90.40
27.97 98.04
30.17 26.41
33.63 48.51
20.02 26.37
88.42 93.13
15.54 44.14
41.98 82.83
66.04 40.80
78.87 60.52
20.94 79.26
46.56 88.70
66.52 15.11
75.67 58.12
54.16 41.97
66.29 6.33
50.38 93.55
20.49 13.70
41.05 51.95
37.65 48.39
67.47 79.28
5.16 38.17
61.92 2.09
94.92 64.08
48.50 44.83
14.73 6.63
68.10 92.40
79.24 2.15
3.90 51.27
57.33 60.63
87.60 89.79
98.93 33.36
46.85 99.36
70.04 5.74
90.96 61.67
19.37 34.77
57.77 65.28
41.07 74.44
53.28 97.48
85.35 15.01
10.31 85.35
60.77 97.62
43.58 17.93
3.70 76.86
8.35 64.39
56.35 73.96
94.39 23.65
48.26 75.16
20.24 9.20
13.80 93.17
78.94 20.04
1.59 63.78
32.19 22.80
19.96 47.22
34.23 94.02
56.59 90.01
92.46 90.01
49.83 58.33
53.43 2.03
94.64 15.11
55.35 68.26
78.63 54.22
63.91 82.71
64.35 66.68
85.41 7.34
51.85 2.66
15.14 2.85
86.62 32.97
52.11 78.73
68.89 92.63
48.98 70.24
86.78 10.72
46.99 8.80
55.70 31.34
84.05 46.84
16.29 87.34
42.59 1.97
26.87 38.31
2.62 14.01
29.65 33.76
43.76 29.76
32.07 46.21
35.19 74.98
78.11 1.77
16.21 10.18
35.29 35.63
74.93 72.95
88.24 68.30
59.55 99.43
64.20 38.95
30.48 3.58
94.41 75.26
37.71 87.50
76.29 46.52
95.58 89.24
44.60 42.70
15.17 10.24
35.72 21.46
6.86 73.55
96.12 68.74
90.74 87.04
64.61 52.26
35.79 49.50
32.13 17.21
49.53 66.12
58.53 73.78
33.60 0.01
21.27 28.97
55.31 38.95
65.77 22.39
46.80 0.22
68.63 86.54
85.87 87.47
19.61 98.14
55.14 18.56
9.11 7.10
63.70 62.86
78.68 65.86
51.94 16.28
73.45 0.41
66.03 16.53
15.88 90.61
92.73 72.03
22.86 46.94
34.62 11.76
23.68 5.80
97.23 23.63
38.71 24.66
65.13 56.25
76.57 1.14
20.47 59.87
57.66 82.44
8.05 37.12
40.38 51.30
35.14 73.47
10.43 6.06
31.35 8.94
39.24 57.84
8.42 45.98
55.53 56.45
3.02 77.32
72.20 29.70
47.13 73.92
83.41 24.77
77.08 42.42
95.32 87.84
35.80 35.98
48.58 96.06
14.40 54.89
64.77 72.01
6.71 59.93
45.04 33.94
97.05 10.60
70.87 20.44
94.81 50.03
45.34 24.85
53.38 86.43
7.21 65.82
14.66 22.51
85.39 7.23
73.17 5.79
50.95 62.35
14.70 80.21
22.10 47.57
24.03 76.36
25.11 26.22
1.22 89.98
3.36 31.46
64.70 33.21
59.72 36.46
88.00 15.90
1.84 9.97
52.40 59.23
83.39 95.46
40.13 82.37
40.52 37.07
13.27 86.87
33.61 64.67
51.72 99.68
25.56 55.15
78.96 19.11
82.32 55.82
10.35 96.81
41.19 47.54
78.45 96.46
24.55 13.62
74.47 67.70
44.65 64.76
94.41 84.19
56.82 90.86
91.29 77.12
11.86 56.17
60.73 87.93
51.62 61.26
71.52 8.39
5.63 3.04
10.68 25.55
4.84 59.64
57.23 45.53
0.89 51.92
12.64 0.51
79.62 91.07
7.23 65.90
5.33 58.22
62.39 58.68
99.03 61.37
16.61 93.28
29.90 53.94
43.25 80.67
8.40 36.76
44.27 59.74
90.79 30.15
34.55 67.20
20.90 50.99
31.97 62.38
58.06 68.59
42.97 23.36
1.46 60.16
22.48 0.48
37.50 27.41
68.27 29.78
36.77 72.39
67.42 16.07
58.68 93.28
90.94 84.94
28.20 95.96
19.96 40.19
11.41 56.56
72.27 68.76
0.72 98.25
31.00 74.14
92.66 78.02
52.32 53.87
14.38 38.21
82.25 68.12
66.35 68.14
34.95 98.02
33.63 18.71
66.87 16.92
97.53 57.55
12.01 2.36
60.12 4.21
5.24 41.24
44.83 82.90
12.94 86.83
40.50 85.30
15.13 4.81
43.58 21.57
47.83 82.02
88.54 8.68
25.71 30.49
17.44 46.70
5.36 19.73
6.51 45.69
94.00 15.31
88.71 31.58
74.71 84.26
60.50 71.93
63.21 93.06
77.87 42.03
29.09 15.68
51.21 22.91
23.49 88.20
69.97 53.95
84.31 52.54
39.44 68.55
60.88 20.85
31.86 56.10
21.86 91.69
4.43 87.64
97.99 61.52
21.19 80.98
44.13 71.24
32.27 22.15
95.42 7.57
5.81 78.28
77.55 31.15
37.41 68.79
59.98 64.85
43.53 98.02
14.80 63.17
20.61 33.49
29.75 82.51
57.99 33.08
53.56 46.12
54.41 23.75
37.41 45.84
8.32 1.43
59.36 20.71
80.22 2.51
22.32 62.99
13.20 42.07
29.83 26.85
23.49 97.59
31.97 11.79
91.52 15.84
73.67 65.88
71.77 77.34
18.03 3.73
43.07 44.49
23.66 81.00
10.90 49.75
52.85 0.94
81.09 35.82
45.80 16.08
39.91 45.25
60.23 3.55
42.74 48.90
95.25 59.57
68.57 44.02
49.38 98.25
41.51 99.37
60.95 91.64
57.68 82.17
82.22 38.57
32.92 93.96
32.93 78.34
17.74 48.91
37.79 27.60
23.81 96.52
66.88 46.50
57.28 84.55
67.68 12.84
21.09 89.13
55.77 59.05
16.30 13.70
21.67 32.54
55.89 37.24
67.75 43.13
51.43 95.19
4.22 63.68
73.62 18.01
86.05 12.28
80.88 19.27
42.63 39.55
57.23 63.46
4.05 81.48
52.64 91.85
16.90 44.43
95.55 63.47
50.71 47.03
91.51 0.77
99.05 47.09
82.18 48.33
82.69 9.84
42.57 77.01
99.64 51.32
7.43 74.75
64.83 14.97
20.96 50.19
16.62 91.65
99.08 75.24
84.40 33.12
10.67 72.90
79.40 69.48
17.71 2.67
55.46 14.99
29.47 47.64
25.09 93.28
32.14 56.10
97.30 67.09
38.58 75.30
19.35 10.40
3.88 66.78
65.80 67.10
67.34 58.28
94.18 45.98
12.33 25.00
40.84 61.23
35.77 43.57
29.36 72.77
84.51 33.88
80.04 19.71
97.49 35.62
66.14 60.22
8.22 58.58
4.66 48.56
53.72 95.20
18.21 4.86
62.70 31.00
55.03 25.55
69.04 12.58
51.19 77.15
89.22 32.79
54.87 95.31
13.84 83.02
73.27 96.60
48.85 45.53
54.53 36.12
5.83 56.86
38.99 50.53
69.96 39.38
16.21 83.08
94.42 23.48
61.08 37.74
70.19 5.47
91.94 85.46
13.87 64.11
33.06 21.00
84.75 75.30
57.72 62.04
86.97 34.14
49.30 22.94
45.31 17.09
34.56 64.32
27.67 65.29
79.71 62.96
46.93 39.07
7.24 76.62
95.55 24.12
69.63 60.28
81.27 68.30
19.61 13.49
33.68 18.61
60.24 8.79
67.53 78.53
4.13 88.72
82.03 4.27
54.76 2.77
47.68 8.11
57.59 7.71
8.92 97.08
80.86 67.26
78.74 21.38
10.35 32.21
76.10 75.54
71.76 41.70
50.87 74.00
58.75 22.13
47.01 93.48
96.11 7.75
11.97 5.80
50.53 89.82
51.49 33.27
88.11 24.15
54.95 88.55
87.16 13.22
30.51 40.78
77.25 68.67
53.67 37.69
28.69 58.25
80.38 35.13
