# 50 thanh pho, mode=random, seed=1
51.18 95.05
14.42 94.86
31.18 42.33
82.77 40.92
54.96 2.76
75.35 53.81
32.97 78.84
30.32 45.35
13.40 40.31
20.35 26.23
75.04 28.04
48.52 98.07
96.17 72.48
54.12 27.69
16.07 96.99
51.61 11.59
62.35 77.67
61.30 91.73
3.96 52.86
45.93 6.23
64.13 85.26
59.29 26.01
83.99 50.95
51.09 75.30
14.79 81.96
68.33 78.71
19.16 80.24
19.13 8.16
85.52 86.13
87.65 47.19
27.40 0.71
64.57 71.99
83.56 28.19
21.52 63.93
80.51 96.37
15.05 48.22
89.47 42.27
58.95 2.45
67.35 91.91
82.68 88.55
66.04 24.56
76.85 21.17
83.13 6.27
82.55 16.45
37.51 31.67
69.13 17.86
39.63 0.58
26.25 42.12
10.59 63.32
38.04 72.53
