# x y (auto-generated)
51.1822 95.0464
14.4160 94.8649
31.1831 42.3326
82.7703 40.9199
54.9594 2.7559
75.3513 53.8143
32.9732 78.8429
30.3195 45.3498
13.4042 40.3113
20.3455 26.2313
75.0365 28.0409
48.5191 98.0737
96.1657 72.4790
54.1227 27.6891
16.0652 96.9925
51.6069 11.5866
62.3490 77.6683
61.3003 91.7298
3.9593 52.8589
45.9336 6.2350
64.1328 85.2633
59.2941 26.0097
83.9882 50.9496
51.0889 75.3030
14.7922 81.9627
68.3287 78.7097
19.1616 80.2364
19.1324 8.1553
85.5227 86.1283
87.6537 47.1910
27.4048 0.7092
64.5721 71.9909
83.5569 28.1878
21.5218 63.9331
80.5055 96.3671
15.0525 48.2212
89.4716 42.2717
58.9502 2.4491
67.3460 91.9089
82.6825 88.5520
66.0355 24.5552
76.8517 21.1675
83.1275 6.2718
82.5488 16.4507
37.5147 31.6738
69.1337 17.8572
39.6256 0.5825
26.2495 42.1189
10.5921 63.3160
38.0424 72.5294
65.3866 43.1227
86.7321 63.2135
81.0274 34.1795
54.3669 19.6297
99.6141 24.3215
25.6867 7.3190
25.7803 76.3129
69.7894 12.8673
37.6239 42.0921
66.4984 45.5929
58.6518 83.9685
72.6474 36.5007
44.8396 36.7700
10.9735 20.3242
28.3806 31.4134
31.3048 57.6700
97.1690 77.4664
79.1134 75.9269
59.6988 91.7692
68.9630 50.0356
7.7084 48.8449
21.2831 13.2696
50.6065 78.5085
29.5006 76.8772
52.5630 14.9048
96.4968 40.1636
29.5234 84.6998
12.4460 73.3590
18.7825 39.2492
23.1900 84.1228
39.0075 97.4693
62.5261 69.3623
52.1525 30.8968
39.5556 94.0934
20.1203 98.8219
75.8306 35.9787
64.1514 38.0982
38.1493 50.3803
1.6723 49.3572
97.1598 28.5465
74.8218 44.2789
20.9281 90.5003
1.6827 30.3509
99.9026 26.2147
84.9045 60.5683
80.6036 63.0318
36.2697 76.0789
2.6485 44.6813
37.1855 47.7074
12.7621 22.2507
