81
107
195
184
126
23
72
106
60
68
17
147
38
20
118
189
143
34
191
39
28
169
181
67
102
117
66
12
182
138
51
94
95
101
5
90
61
134
85
3
198
22
29
36
153
75
89
93
54
43
161
119
154
180
42
132
168
57
45
41
104
166
32
52
10
40
156
21
103
82
176
13
53
74
15
163
125
37
4
179
19
140
137
162
46
131
30
55
194
123
113
160
71
27
145
139
164
159
128
108
114
149
63
99
92
120
135
8
183
35
177
192
150
165
33
170
115
111
70
97
88
18
121
48
112
77
142
146
105
133
188
1
110
14
84
91
175
190
196
80
83
157
116
11
0
130
136
76
167
79
24
26
174
56
73
6
148
96
49
185
178
193
152
155
65
87
98
58
2
7
47
129
78
127
186
9
171
122
199
64
44
197
62
173
172
151
187
100
86
50
59
69
109
158
141
124
144
25
16
31
