4
156
57
425
378
235
366
380
230
256
480
166
32
355
329
296
214
250
282
140
427
278
394
348
21
412
205
334
325
3
153
240
151
62
316
283
217
413
106
189
118
148
6
232
432
360
193
447
369
172
478
264
471
107
185
422
277
372
497
319
192
426
33
315
457
165
110
393
231
80
196
463
339
353
398
142
226
492
98
204
82
44
313
160
354
357
7
212
18
35
309
400
92
120
261
336
203
244
474
173
441
293
270
403
268
499
169
67
375
292
228
401
371
31
405
233
332
28
34
247
324
181
0
236
446
222
101
399
443
66
117
383
466
275
124
81
23
96
147
20
60
327
341
211
440
111
219
88
493
246
477
112
488
133
24
56
408
77
26
391
105
451
448
460
351
251
450
323
414
97
2
227
177
452
207
149
490
419
430
302
279
159
128
420
229
99
9
311
455
171
255
438
239
266
434
61
476
494
218
373
224
238
54
331
297
75
295
288
473
258
237
374
359
291
200
444
143
12
379
95
489
304
272
25
234
249
320
306
39
423
191
301
437
11
475
417
362
16
317
314
38
415
416
178
318
78
220
70
135
363
108
63
215
390
259
337
155
265
126
286
321
290
137
206
125
284
487
13
407
197
58
333
123
428
55
300
30
254
367
431
71
358
131
179
19
368
46
303
449
199
479
150
65
395
158
439
94
138
307
392
445
344
187
322
421
411
45
168
396
134
467
298
104
289
29
198
453
36
498
42
469
370
103
86
50
257
273
102
397
182
22
52
10
491
294
119
377
406
308
162
326
194
145
241
274
27
139
280
382
164
352
243
114
442
37
312
53
15
496
462
342
100
176
262
338
464
210
5
69
109
461
85
202
248
132
386
41
89
287
482
93
43
361
310
90
495
184
223
330
346
483
130
381
267
376
213
252
472
47
186
129
183
8
387
484
299
458
402
404
486
221
74
409
113
418
429
481
180
459
201
263
141
51
364
208
388
343
305
470
456
433
349
116
17
260
72
389
190
73
167
345
281
269
410
48
121
127
122
64
436
115
365
225
136
245
253
385
175
384
1
188
14
146
174
347
84
91
285
242
335
170
87
152
59
271
454
485
465
340
144
49
216
83
328
276
435
79
76
157
68
424
195
468
356
40
154
161
350
209
163
