179
458
316
69
210
158
478
432
193
495
369
178
148
56
351
372
121
323
318
177
115
48
18
47
357
98
58
438
192
129
261
302
227
155
152
46
409
113
123
241
30
363
164
352
280
387
108
326
27
279
358
300
428
55
145
160
71
171
431
44
390
7
2
213
493
165
440
212
474
73
285
6
231
174
345
337
239
87
259
65
315
426
408
77
391
225
483
463
83
389
228
11
17
28
359
466
388
443
233
208
295
54
3
61
103
176
13
187
356
289
52
344
85
294
205
482
161
42
377
406
498
180
459
481
329
57
412
298
308
221
480
297
240
93
89
350
238
386
119
209
154
266
104
10
59
257
109
272
101
288
380
392
95
375
189
293
237
324
200
374
465
399
423
454
473
5
51
446
29
90
198
124
441
264
31
222
102
397
307
75
36
224
361
290
82
262
321
62
201
312
156
487
202
256
21
172
23
338
106
60
330
317
260
72
0
339
211
395
360
184
364
249
271
67
332
191
143
340
499
39
66
117
12
138
275
475
234
417
301
94
258
181
118
305
68
439
144
20
416
236
38
147
320
403
268
34
247
292
223
110
188
384
91
26
251
422
96
376
460
385
24
433
349
1
84
276
190
16
371
25
81
464
471
127
111
319
309
255
140
303
418
137
254
368
462
4
206
37
429
394
407
348
484
479
455
229
420
442
139
149
207
452
64
430
135
99
63
382
311
472
35
170
414
88
252
436
197
282
284
15
162
367
19
296
278
100
217
263
107
413
141
169
346
362
405
485
383
270
444
291
306
437
401
415
379
182
273
235
50
230
489
304
467
53
486
199
215
8
186
120
419
128
114
92
336
183
122
313
194
274
9
354
333
299
461
151
173
49
277
232
265
335
492
33
253
448
381
130
216
447
327
314
341
424
185
195
365
328
14
79
410
105
281
398
435
112
220
70
246
497
400
97
490
219
78
457
286
150
203
244
477
450
269
226
167
456
175
488
393
451
133
353
142
146
347
245
470
343
157
80
196
116
267
76
136
242
126
283
491
366
476
325
32
469
45
125
163
404
250
494
411
214
449
370
74
402
168
396
41
43
425
248
132
468
86
322
40
166
378
331
218
373
334
445
453
310
153
22
287
434
355
134
421
496
342
204
427
243
159
131
